3.925000000000000000e+04 4.599999999999999645e+00 8.000000000000000000e+00 2.170000000000000000e+02 1.200000000000000000e+01 1.600000000000000000e+01 4.576000000000000000e+03 1.000000000000000000e+02 1.850000000000000000e+02 7.400000000000000000e+01
1.556800000000000000e+04 2.000000000000000000e+00 4.000000000000000000e+00 1.190000000000000000e+02 2.200000000000000000e+01 3.000000000000000000e+01 2.756000000000000000e+03 1.020000000000000000e+02 1.770000000000000000e+02 6.800000000000000000e+01
2.218000000000000000e+04 3.100000000000000089e+00 6.000000000000000000e+00 1.750000000000000000e+02 2.000000000000000000e+01 3.000000000000000000e+01 3.353000000000000000e+03 1.090000000000000000e+02 1.950000000000000000e+02 7.300000000000000000e+01
2.349500000000000000e+04 3.299999999999999822e+00 6.000000000000000000e+00 2.300000000000000000e+02 1.900000000000000000e+01 2.700000000000000000e+01 4.120000000000000000e+03 1.190000000000000000e+02 2.000000000000000000e+02 7.700000000000000000e+01
2.756000000000000000e+04 3.500000000000000000e+00 6.000000000000000000e+00 2.400000000000000000e+02 1.700000000000000000e+01 2.200000000000000000e+01 4.387000000000000000e+03 1.060000000000000000e+02 1.880000000000000000e+02 7.700000000000000000e+01
2.979500000000000000e+04 3.500000000000000000e+00 6.000000000000000000e+00 2.800000000000000000e+02 1.800000000000000000e+01 2.600000000000000000e+01 3.416000000000000000e+03 1.120000000000000000e+02 1.820000000000000000e+02 7.200000000000000000e+01
2.618900000000000000e+04 3.500000000000000000e+00 6.000000000000000000e+00 1.940000000000000000e+02 1.700000000000000000e+01 2.600000000000000000e+01 3.651000000000000000e+03 1.080000000000000000e+02 1.920000000000000000e+02 7.200000000000000000e+01
1.900500000000000000e+04 2.000000000000000000e+00 4.000000000000000000e+00 1.150000000000000000e+02 2.400000000000000000e+01 3.000000000000000000e+01 3.034000000000000000e+03 9.900000000000000000e+01 1.740000000000000000e+02 6.800000000000000000e+01
2.203500000000000000e+04 2.700000000000000178e+00 6.000000000000000000e+00 2.000000000000000000e+02 2.100000000000000000e+01 2.900000000000000000e+01 3.469000000000000000e+03 1.130000000000000000e+02 2.040000000000000000e+02 7.500000000000000000e+01
1.115500000000000000e+04 1.600000000000000089e+00 4.000000000000000000e+00 1.040000000000000000e+02 2.500000000000000000e+01 3.200000000000000000e+01 2.458000000000000000e+03 9.500000000000000000e+01 1.670000000000000000e+02 6.600000000000000000e+01
1.430000000000000000e+04 2.200000000000000178e+00 4.000000000000000000e+00 1.400000000000000000e+02 2.600000000000000000e+01 3.500000000000000000e+01 2.692000000000000000e+03 1.030000000000000000e+02 1.850000000000000000e+02 6.700000000000000000e+01
1.284200000000000000e+05 5.500000000000000000e+00 1.200000000000000000e+01 4.930000000000000000e+02 1.300000000000000000e+01 1.900000000000000000e+01 4.473000000000000000e+03 1.140000000000000000e+02 1.960000000000000000e+02 7.300000000000000000e+01
3.999500000000000000e+04 2.500000000000000000e+00 6.000000000000000000e+00 1.840000000000000000e+02 1.900000000000000000e+01 2.800000000000000000e+01 3.428000000000000000e+03 1.140000000000000000e+02 1.910000000000000000e+02 7.300000000000000000e+01
2.699000000000000000e+04 2.399999999999999911e+00 4.000000000000000000e+00 2.000000000000000000e+02 2.200000000000000000e+01 2.900000000000000000e+01 3.230000000000000000e+03 1.050000000000000000e+02 1.830000000000000000e+02 6.900000000000000000e+01
3.753000000000000000e+04 3.899999999999999911e+00 8.000000000000000000e+00 2.800000000000000000e+02 1.700000000000000000e+01 2.400000000000000000e+01 3.780000000000000000e+03 1.070000000000000000e+02 1.860000000000000000e+02 7.200000000000000000e+01
1.099500000000000000e+04 2.200000000000000178e+00 4.000000000000000000e+00 1.400000000000000000e+02 2.600000000000000000e+01 3.500000000000000000e+01 2.692000000000000000e+03 1.030000000000000000e+02 1.850000000000000000e+02 6.700000000000000000e+01
1.889200000000000000e+04 2.399999999999999911e+00 4.000000000000000000e+00 1.600000000000000000e+02 2.100000000000000000e+01 2.700000000000000000e+01 3.240000000000000000e+03 1.030000000000000000e+02 1.790000000000000000e+02 6.900000000000000000e+01
5.059500000000000000e+04 4.599999999999999645e+00 8.000000000000000000e+00 3.000000000000000000e+02 1.800000000000000000e+01 2.600000000000000000e+01 4.044000000000000000e+03 1.150000000000000000e+02 2.070000000000000000e+02 7.400000000000000000e+01
3.384000000000000000e+04 5.599999999999999645e+00 8.000000000000000000e+00 3.050000000000000000e+02 1.300000000000000000e+01 1.900000000000000000e+01 5.013000000000000000e+03 1.230000000000000000e+02 2.070000000000000000e+02 7.900000000000000000e+01
7.499500000000000000e+04 4.200000000000000178e+00 8.000000000000000000e+00 2.940000000000000000e+02 1.800000000000000000e+01 2.600000000000000000e+01 3.980000000000000000e+03 1.020000000000000000e+02 1.870000000000000000e+02 7.100000000000000000e+01
3.439000000000000000e+04 3.500000000000000000e+00 6.000000000000000000e+00 2.870000000000000000e+02 2.000000000000000000e+01 2.600000000000000000e+01 3.428000000000000000e+03 1.040000000000000000e+02 1.690000000000000000e+02 7.200000000000000000e+01
4.647000000000000000e+04 5.000000000000000000e+00 8.000000000000000000e+00 2.880000000000000000e+02 1.400000000000000000e+01 1.700000000000000000e+01 4.874000000000000000e+03 1.110000000000000000e+02 1.830000000000000000e+02 7.200000000000000000e+01
2.384500000000000000e+04 3.399999999999999911e+00 6.000000000000000000e+00 1.850000000000000000e+02 1.900000000000000000e+01 2.600000000000000000e+01 3.803000000000000000e+03 1.120000000000000000e+02 1.870000000000000000e+02 7.200000000000000000e+01
3.319500000000000000e+04 3.200000000000000178e+00 6.000000000000000000e+00 2.700000000000000000e+02 2.000000000000000000e+01 2.800000000000000000e+01 3.575000000000000000e+03 1.080000000000000000e+02 1.860000000000000000e+02 7.200000000000000000e+01
3.318000000000000000e+04 2.799999999999999822e+00 6.000000000000000000e+00 1.900000000000000000e+02 1.900000000000000000e+01 2.600000000000000000e+01 3.721000000000000000e+03 1.060000000000000000e+02 1.850000000000000000e+02 6.900000000000000000e+01
1.367000000000000000e+04 2.000000000000000000e+00 4.000000000000000000e+00 1.320000000000000000e+02 2.900000000000000000e+01 3.600000000000000000e+01 2.581000000000000000e+03 1.050000000000000000e+02 1.740000000000000000e+02 6.700000000000000000e+01
1.129000000000000000e+04 1.500000000000000000e+00 4.000000000000000000e+00 1.080000000000000000e+02 3.500000000000000000e+01 4.300000000000000000e+01 2.055000000000000000e+03 9.300000000000000000e+01 1.630000000000000000e+02 6.500000000000000000e+01
2.488500000000000000e+04 3.500000000000000000e+00 6.000000000000000000e+00 2.320000000000000000e+02 1.800000000000000000e+01 2.700000000000000000e+01 3.487000000000000000e+03 1.130000000000000000e+02 2.040000000000000000e+02 7.500000000000000000e+01
2.144500000000000000e+04 2.500000000000000000e+00 4.000000000000000000e+00 1.650000000000000000e+02 2.100000000000000000e+01 2.800000000000000000e+01 3.090000000000000000e+03 9.900000000000000000e+01 1.750000000000000000e+02 6.800000000000000000e+01
2.594000000000000000e+04 1.800000000000000044e+00 4.000000000000000000e+00 1.700000000000000000e+02 2.200000000000000000e+01 3.100000000000000000e+01 3.252000000000000000e+03 1.040000000000000000e+02 1.790000000000000000e+02 7.000000000000000000e+01
2.356000000000000000e+04 2.200000000000000178e+00 4.000000000000000000e+00 1.400000000000000000e+02 2.400000000000000000e+01 3.400000000000000000e+01 3.109000000000000000e+03 1.070000000000000000e+02 1.900000000000000000e+02 6.900000000000000000e+01
2.239500000000000000e+04 3.799999999999999822e+00 6.000000000000000000e+00 2.000000000000000000e+02 2.000000000000000000e+01 3.000000000000000000e+01 3.477000000000000000e+03 1.110000000000000000e+02 1.980000000000000000e+02 7.400000000000000000e+01
2.458900000000000000e+04 3.500000000000000000e+00 6.000000000000000000e+00 1.940000000000000000e+02 1.700000000000000000e+01 2.600000000000000000e+01 3.651000000000000000e+03 1.080000000000000000e+02 1.920000000000000000e+02 7.200000000000000000e+01
1.481000000000000000e+04 2.200000000000000178e+00 4.000000000000000000e+00 1.400000000000000000e+02 2.600000000000000000e+01 3.700000000000000000e+01 2.676000000000000000e+03 1.040000000000000000e+02 1.830000000000000000e+02 6.800000000000000000e+01
1.538900000000000000e+04 2.000000000000000000e+00 4.000000000000000000e+00 1.380000000000000000e+02 2.600000000000000000e+01 3.400000000000000000e+01 2.635000000000000000e+03 1.030000000000000000e+02 1.780000000000000000e+02 6.800000000000000000e+01
2.321500000000000000e+04 2.000000000000000000e+00 4.000000000000000000e+00 1.150000000000000000e+02 2.400000000000000000e+01 3.000000000000000000e+01 3.082000000000000000e+03 9.900000000000000000e+01 1.610000000000000000e+02 6.800000000000000000e+01
7.676500000000000000e+04 3.600000000000000089e+00 6.000000000000000000e+00 3.150000000000000000e+02 1.800000000000000000e+01 2.600000000000000000e+01 3.119000000000000000e+03 9.300000000000000000e+01 1.750000000000000000e+02 7.000000000000000000e+01
1.190500000000000000e+04 1.600000000000000089e+00 4.000000000000000000e+00 1.040000000000000000e+02 2.600000000000000000e+01 3.300000000000000000e+01 2.447000000000000000e+03 9.500000000000000000e+01 1.670000000000000000e+02 6.600000000000000000e+01
1.775000000000000000e+04 1.699999999999999956e+00 4.000000000000000000e+00 1.270000000000000000e+02 3.200000000000000000e+01 3.700000000000000000e+01 2.601000000000000000e+03 1.030000000000000000e+02 1.750000000000000000e+02 6.800000000000000000e+01
3.739000000000000000e+04 1.800000000000000044e+00 4.000000000000000000e+00 2.250000000000000000e+02 2.000000000000000000e+01 2.800000000000000000e+01 2.921000000000000000e+03 9.600000000000000000e+01 1.590000000000000000e+02 7.300000000000000000e+01
2.495000000000000000e+04 3.500000000000000000e+00 6.000000000000000000e+00 2.400000000000000000e+02 1.800000000000000000e+01 2.500000000000000000e+01 4.310000000000000000e+03 1.180000000000000000e+02 2.010000000000000000e+02 7.600000000000000000e+01
4.969000000000000000e+04 4.200000000000000178e+00 8.000000000000000000e+00 3.000000000000000000e+02 1.700000000000000000e+01 2.400000000000000000e+01 4.024000000000000000e+03 1.090000000000000000e+02 1.930000000000000000e+02 7.100000000000000000e+01
1.726200000000000000e+04 2.500000000000000000e+00 6.000000000000000000e+00 1.550000000000000000e+02 2.000000000000000000e+01 2.700000000000000000e+01 3.380000000000000000e+03 1.060000000000000000e+02 1.880000000000000000e+02 7.200000000000000000e+01
4.570700000000000000e+04 3.200000000000000178e+00 6.000000000000000000e+00 2.150000000000000000e+02 2.000000000000000000e+01 2.600000000000000000e+01 3.770000000000000000e+03 1.070000000000000000e+02 1.830000000000000000e+02 6.900000000000000000e+01
3.689500000000000000e+04 3.000000000000000000e+00 6.000000000000000000e+00 2.320000000000000000e+02 2.000000000000000000e+01 2.600000000000000000e+01 3.681000000000000000e+03 1.150000000000000000e+02 1.940000000000000000e+02 7.300000000000000000e+01
2.737000000000000000e+04 4.599999999999999645e+00 8.000000000000000000e+00 2.240000000000000000e+02 1.700000000000000000e+01 2.500000000000000000e+01 4.057000000000000000e+03 1.150000000000000000e+02 2.120000000000000000e+02 7.800000000000000000e+01
5.999500000000000000e+04 4.200000000000000178e+00 8.000000000000000000e+00 2.940000000000000000e+02 1.800000000000000000e+01 2.800000000000000000e+01 3.803000000000000000e+03 1.190000000000000000e+02 2.000000000000000000e+02 7.300000000000000000e+01
3.235000000000000000e+04 3.299999999999999822e+00 6.000000000000000000e+00 2.250000000000000000e+02 2.000000000000000000e+01 2.900000000000000000e+01 3.460000000000000000e+03 1.070000000000000000e+02 1.910000000000000000e+02 7.100000000000000000e+01
4.521000000000000000e+04 2.899999999999999911e+00 6.000000000000000000e+00 2.680000000000000000e+02 1.900000000000000000e+01 2.600000000000000000e+01 3.653000000000000000e+03 1.100000000000000000e+02 1.900000000000000000e+02 7.200000000000000000e+01
1.649700000000000000e+04 2.299999999999999822e+00 4.000000000000000000e+00 1.550000000000000000e+02 2.400000000000000000e+01 2.900000000000000000e+01 2.932000000000000000e+03 9.800000000000000000e+01 1.670000000000000000e+02 6.800000000000000000e+01
3.449500000000000000e+04 3.200000000000000178e+00 6.000000000000000000e+00 2.150000000000000000e+02 1.700000000000000000e+01 2.500000000000000000e+01 3.060000000000000000e+03 9.500000000000000000e+01 1.600000000000000000e+02 7.000000000000000000e+01
2.702000000000000000e+04 3.399999999999999911e+00 6.000000000000000000e+00 1.850000000000000000e+02 1.900000000000000000e+01 2.600000000000000000e+01 3.699000000000000000e+03 1.120000000000000000e+02 1.870000000000000000e+02 7.200000000000000000e+01
1.882500000000000000e+04 2.200000000000000178e+00 4.000000000000000000e+00 1.400000000000000000e+02 2.400000000000000000e+01 3.200000000000000000e+01 2.946000000000000000e+03 1.070000000000000000e+02 1.870000000000000000e+02 7.000000000000000000e+01
2.025500000000000000e+04 2.500000000000000000e+00 6.000000000000000000e+00 1.650000000000000000e+02 1.900000000000000000e+01 2.200000000000000000e+01 2.866000000000000000e+03 9.800000000000000000e+01 1.630000000000000000e+02 6.700000000000000000e+01
5.666500000000000000e+04 4.500000000000000000e+00 8.000000000000000000e+00 3.400000000000000000e+02 1.400000000000000000e+01 1.800000000000000000e+01 4.950000000000000000e+03 1.120000000000000000e+02 1.880000000000000000e+02 7.600000000000000000e+01
1.193900000000000000e+04 1.600000000000000089e+00 4.000000000000000000e+00 1.030000000000000000e+02 2.900000000000000000e+01 3.300000000000000000e+01 2.339000000000000000e+03 9.600000000000000000e+01 1.670000000000000000e+02 6.600000000000000000e+01
1.911000000000000000e+04 2.000000000000000000e+00 3.000000000000000000e+00 7.300000000000000000e+01 6.000000000000000000e+01 6.600000000000000000e+01 1.850000000000000000e+03 9.500000000000000000e+01 1.550000000000000000e+02 6.700000000000000000e+01
3.089500000000000000e+04 4.599999999999999645e+00 8.000000000000000000e+00 2.240000000000000000e+02 1.700000000000000000e+01 2.500000000000000000e+01 4.052000000000000000e+03 1.150000000000000000e+02 2.120000000000000000e+02 7.800000000000000000e+01
1.327000000000000000e+04 2.000000000000000000e+00 4.000000000000000000e+00 1.300000000000000000e+02 2.600000000000000000e+01 3.300000000000000000e+01 2.612000000000000000e+03 1.030000000000000000e+02 1.680000000000000000e+02 6.700000000000000000e+01
1.538900000000000000e+04 2.000000000000000000e+00 4.000000000000000000e+00 1.380000000000000000e+02 2.600000000000000000e+01 3.400000000000000000e+01 2.698000000000000000e+03 1.030000000000000000e+02 1.780000000000000000e+02 6.800000000000000000e+01
2.934500000000000000e+04 3.000000000000000000e+00 6.000000000000000000e+00 2.120000000000000000e+02 1.900000000000000000e+01 2.600000000000000000e+01 3.610000000000000000e+03 1.040000000000000000e+02 1.840000000000000000e+02 6.900000000000000000e+01
3.123000000000000000e+04 3.500000000000000000e+00 6.000000000000000000e+00 2.500000000000000000e+02 1.700000000000000000e+01 2.300000000000000000e+01 4.675000000000000000e+03 1.160000000000000000e+02 1.990000000000000000e+02 7.900000000000000000e+01
1.716300000000000000e+04 2.500000000000000000e+00 6.000000000000000000e+00 1.650000000000000000e+02 1.900000000000000000e+01 2.200000000000000000e+01 3.020000000000000000e+03 9.800000000000000000e+01 1.630000000000000000e+02 6.700000000000000000e+01
2.413000000000000000e+04 2.700000000000000178e+00 6.000000000000000000e+00 2.000000000000000000e+02 2.100000000000000000e+01 2.900000000000000000e+01 3.479000000000000000e+03 1.130000000000000000e+02 2.080000000000000000e+02 7.400000000000000000e+01
5.067000000000000000e+04 3.200000000000000178e+00 6.000000000000000000e+00 2.210000000000000000e+02 1.900000000000000000e+01 2.700000000000000000e+01 3.966000000000000000e+03 1.120000000000000000e+02 1.900000000000000000e+02 7.100000000000000000e+01
4.146500000000000000e+04 5.299999999999999822e+00 8.000000000000000000e+00 2.950000000000000000e+02 1.400000000000000000e+01 1.800000000000000000e+01 5.050000000000000000e+03 1.160000000000000000e+02 1.970000000000000000e+02 7.900000000000000000e+01
2.693000000000000000e+04 3.899999999999999911e+00 6.000000000000000000e+00 1.930000000000000000e+02 1.700000000000000000e+01 2.300000000000000000e+01 4.275000000000000000e+03 1.210000000000000000e+02 2.010000000000000000e+02 7.700000000000000000e+01
4.626500000000000000e+04 6.000000000000000000e+00 8.000000000000000000e+00 3.250000000000000000e+02 1.300000000000000000e+01 1.700000000000000000e+01 6.133000000000000000e+03 1.300000000000000000e+02 2.190000000000000000e+02 7.900000000000000000e+01
2.273500000000000000e+04 3.000000000000000000e+00 6.000000000000000000e+00 2.010000000000000000e+02 1.900000000000000000e+01 2.600000000000000000e+01 3.313000000000000000e+03 1.090000000000000000e+02 1.980000000000000000e+02 7.300000000000000000e+01
2.141000000000000000e+04 3.000000000000000000e+00 6.000000000000000000e+00 1.820000000000000000e+02 2.000000000000000000e+01 2.800000000000000000e+01 3.197000000000000000e+03 1.070000000000000000e+02 1.900000000000000000e+02 6.900000000000000000e+01
2.504500000000000000e+04 2.000000000000000000e+00 4.000000000000000000e+00 2.270000000000000000e+02 2.000000000000000000e+01 2.700000000000000000e+01 3.085000000000000000e+03 9.900000000000000000e+01 1.740000000000000000e+02 6.900000000000000000e+01
2.714500000000000000e+04 2.500000000000000000e+00 4.000000000000000000e+00 1.650000000000000000e+02 2.000000000000000000e+01 2.700000000000000000e+01 3.495000000000000000e+03 1.040000000000000000e+02 1.840000000000000000e+02 6.900000000000000000e+01
4.453500000000000000e+04 5.700000000000000178e+00 8.000000000000000000e+00 3.500000000000000000e+02 1.800000000000000000e+01 2.500000000000000000e+01 3.246000000000000000e+03 1.050000000000000000e+02 1.800000000000000000e+02 7.400000000000000000e+01
3.549500000000000000e+04 3.000000000000000000e+00 6.000000000000000000e+00 2.250000000000000000e+02 2.000000000000000000e+01 3.000000000000000000e+01 3.285000000000000000e+03 1.070000000000000000e+02 1.760000000000000000e+02 6.900000000000000000e+01
2.434500000000000000e+04 4.599999999999999645e+00 8.000000000000000000e+00 2.240000000000000000e+02 1.700000000000000000e+01 2.500000000000000000e+01 4.057000000000000000e+03 1.150000000000000000e+02 2.120000000000000000e+02 7.800000000000000000e+01
1.383900000000000000e+04 2.000000000000000000e+00 4.000000000000000000e+00 1.380000000000000000e+02 2.600000000000000000e+01 3.400000000000000000e+01 2.635000000000000000e+03 1.030000000000000000e+02 1.780000000000000000e+02 6.800000000000000000e+01
2.369900000000000000e+04 2.700000000000000178e+00 6.000000000000000000e+00 1.850000000000000000e+02 1.800000000000000000e+01 2.200000000000000000e+01 3.682000000000000000e+03 1.100000000000000000e+02 1.870000000000000000e+02 7.000000000000000000e+01
1.358000000000000000e+04 1.800000000000000044e+00 4.000000000000000000e+00 1.240000000000000000e+02 2.400000000000000000e+01 3.200000000000000000e+01 2.686000000000000000e+03 1.010000000000000000e+02 1.780000000000000000e+02 6.800000000000000000e+01
2.519300000000000000e+04 1.800000000000000044e+00 4.000000000000000000e+00 1.420000000000000000e+02 2.300000000000000000e+01 2.800000000000000000e+01 2.387000000000000000e+03 8.900000000000000000e+01 1.560000000000000000e+02 6.600000000000000000e+01
4.084000000000000000e+04 3.000000000000000000e+00 6.000000000000000000e+00 2.200000000000000000e+02 1.800000000000000000e+01 2.500000000000000000e+01 4.035000000000000000e+03 1.090000000000000000e+02 1.920000000000000000e+02 7.100000000000000000e+01
3.594000000000000000e+04 1.800000000000000044e+00 4.000000000000000000e+00 1.700000000000000000e+02 2.300000000000000000e+01 3.000000000000000000e+01 3.638000000000000000e+03 1.050000000000000000e+02 1.800000000000000000e+02 7.000000000000000000e+01
4.819500000000000000e+04 3.200000000000000178e+00 6.000000000000000000e+00 3.330000000000000000e+02 1.600000000000000000e+01 2.400000000000000000e+01 3.415000000000000000e+03 1.080000000000000000e+02 1.770000000000000000e+02 7.000000000000000000e+01
8.976500000000000000e+04 3.200000000000000178e+00 6.000000000000000000e+00 2.900000000000000000e+02 1.700000000000000000e+01 2.400000000000000000e+01 3.153000000000000000e+03 1.000000000000000000e+02 1.740000000000000000e+02 7.100000000000000000e+01
2.749000000000000000e+04 3.299999999999999822e+00 6.000000000000000000e+00 1.800000000000000000e+02 1.900000000000000000e+01 2.600000000000000000e+01 4.068000000000000000e+03 1.190000000000000000e+02 2.010000000000000000e+02 7.900000000000000000e+01
3.946500000000000000e+04 2.299999999999999822e+00 4.000000000000000000e+00 2.500000000000000000e+02 2.100000000000000000e+01 2.900000000000000000e+01 3.470000000000000000e+03 1.060000000000000000e+02 1.900000000000000000e+02 7.100000000000000000e+01
2.564000000000000000e+04 4.299999999999999822e+00 6.000000000000000000e+00 1.900000000000000000e+02 1.600000000000000000e+01 2.000000000000000000e+01 4.309000000000000000e+03 1.110000000000000000e+02 1.900000000000000000e+02 7.800000000000000000e+01
2.879000000000000000e+04 3.399999999999999911e+00 6.000000000000000000e+00 1.850000000000000000e+02 1.900000000000000000e+01 2.600000000000000000e+01 3.948000000000000000e+03 1.200000000000000000e+02 2.010000000000000000e+02 7.200000000000000000e+01
2.513500000000000000e+04 1.899999999999999911e+00 4.000000000000000000e+00 1.700000000000000000e+02 2.200000000000000000e+01 2.900000000000000000e+01 2.767000000000000000e+03 1.010000000000000000e+02 1.780000000000000000e+02 6.800000000000000000e+01
4.056500000000000000e+04 2.399999999999999911e+00 5.000000000000000000e+00 1.970000000000000000e+02 2.100000000000000000e+01 2.800000000000000000e+01 3.450000000000000000e+03 1.050000000000000000e+02 1.860000000000000000e+02 7.200000000000000000e+01
3.228000000000000000e+04 2.600000000000000089e+00 6.000000000000000000e+00 1.680000000000000000e+02 2.000000000000000000e+01 2.500000000000000000e+01 3.360000000000000000e+03 1.070000000000000000e+02 1.780000000000000000e+02 6.800000000000000000e+01
2.837000000000000000e+04 3.200000000000000178e+00 6.000000000000000000e+00 2.150000000000000000e+02 1.900000000000000000e+01 2.600000000000000000e+01 3.430000000000000000e+03 1.070000000000000000e+02 1.780000000000000000e+02 6.800000000000000000e+01
1.266700000000000000e+05 5.500000000000000000e+00 1.200000000000000000e+01 4.930000000000000000e+02 1.300000000000000000e+01 1.900000000000000000e+01 4.429000000000000000e+03 1.010000000000000000e+02 1.790000000000000000e+02 7.200000000000000000e+01
4.804000000000000000e+04 4.200000000000000178e+00 8.000000000000000000e+00 3.400000000000000000e+02 1.400000000000000000e+01 2.000000000000000000e+01 3.825000000000000000e+03 1.040000000000000000e+02 1.790000000000000000e+02 7.000000000000000000e+01
2.495500000000000000e+04 1.800000000000000044e+00 4.000000000000000000e+00 1.700000000000000000e+02 2.200000000000000000e+01 3.100000000000000000e+01 3.338000000000000000e+03 1.060000000000000000e+02 1.840000000000000000e+02 6.900000000000000000e+01
3.664000000000000000e+04 3.000000000000000000e+00 6.000000000000000000e+00 2.200000000000000000e+02 2.000000000000000000e+01 2.700000000000000000e+01 3.561000000000000000e+03 1.090000000000000000e+02 1.920000000000000000e+02 7.100000000000000000e+01
2.654500000000000000e+04 3.399999999999999911e+00 6.000000000000000000e+00 1.850000000000000000e+02 1.900000000000000000e+01 2.600000000000000000e+01 4.024000000000000000e+03 1.120000000000000000e+02 1.870000000000000000e+02 7.400000000000000000e+01
1.288400000000000000e+04 2.299999999999999822e+00 4.000000000000000000e+00 1.550000000000000000e+02 2.500000000000000000e+01 3.100000000000000000e+01 2.676000000000000000e+03 9.800000000000000000e+01 1.710000000000000000e+02 6.800000000000000000e+01
4.273500000000000000e+04 5.299999999999999822e+00 8.000000000000000000e+00 2.950000000000000000e+02 1.400000000000000000e+01 1.800000000000000000e+01 4.947000000000000000e+03 1.300000000000000000e+02 2.190000000000000000e+02 7.900000000000000000e+01
3.799500000000000000e+04 2.500000000000000000e+00 6.000000000000000000e+00 1.840000000000000000e+02 1.900000000000000000e+01 2.700000000000000000e+01 3.560000000000000000e+03 1.070000000000000000e+02 1.770000000000000000e+02 6.900000000000000000e+01
3.278000000000000000e+04 3.500000000000000000e+00 6.000000000000000000e+00 2.400000000000000000e+02 1.800000000000000000e+01 2.500000000000000000e+01 4.175000000000000000e+03 1.240000000000000000e+02 2.040000000000000000e+02 7.800000000000000000e+01
2.790500000000000000e+04 4.000000000000000000e+00 6.000000000000000000e+00 1.950000000000000000e+02 1.600000000000000000e+01 2.100000000000000000e+01 3.790000000000000000e+03 1.060000000000000000e+02 1.810000000000000000e+02 7.200000000000000000e+01
2.032000000000000000e+04 3.000000000000000000e+00 6.000000000000000000e+00 1.550000000000000000e+02 2.000000000000000000e+01 2.700000000000000000e+01 3.306000000000000000e+03 1.090000000000000000e+02 1.980000000000000000e+02 7.300000000000000000e+01
2.376000000000000000e+04 3.000000000000000000e+00 6.000000000000000000e+00 2.400000000000000000e+02 2.100000000000000000e+01 3.000000000000000000e+01 3.349000000000000000e+03 1.080000000000000000e+02 1.900000000000000000e+02 7.200000000000000000e+01
3.329500000000000000e+04 3.500000000000000000e+00 6.000000000000000000e+00 2.550000000000000000e+02 1.800000000000000000e+01 2.700000000000000000e+01 3.650000000000000000e+03 1.130000000000000000e+02 1.980000000000000000e+02 7.400000000000000000e+01
3.241500000000000000e+04 3.000000000000000000e+00 6.000000000000000000e+00 2.150000000000000000e+02 1.800000000000000000e+01 2.400000000000000000e+01 3.285000000000000000e+03 1.050000000000000000e+02 1.770000000000000000e+02 6.800000000000000000e+01
1.504000000000000000e+04 2.000000000000000000e+00 4.000000000000000000e+00 1.320000000000000000e+02 2.900000000000000000e+01 3.600000000000000000e+01 2.626000000000000000e+03 1.050000000000000000e+02 1.740000000000000000e+02 6.700000000000000000e+01
2.513000000000000000e+04 1.800000000000000044e+00 4.000000000000000000e+00 1.380000000000000000e+02 2.600000000000000000e+01 3.200000000000000000e+01 2.195000000000000000e+03 9.700000000000000000e+01 1.530000000000000000e+02 6.700000000000000000e+01
2.699200000000000000e+04 3.000000000000000000e+00 6.000000000000000000e+00 2.100000000000000000e+02 2.100000000000000000e+01 2.800000000000000000e+01 3.296000000000000000e+03 1.010000000000000000e+02 1.770000000000000000e+02 6.900000000000000000e+01
1.558000000000000000e+04 2.000000000000000000e+00 4.000000000000000000e+00 1.300000000000000000e+02 2.600000000000000000e+01 3.300000000000000000e+01 2.691000000000000000e+03 1.030000000000000000e+02 1.680000000000000000e+02 6.700000000000000000e+01
3.174500000000000000e+04 2.500000000000000000e+00 5.000000000000000000e+00 2.080000000000000000e+02 2.000000000000000000e+01 2.700000000000000000e+01 3.903000000000000000e+03 1.070000000000000000e+02 1.800000000000000000e+02 7.100000000000000000e+01
2.986500000000000000e+04 3.500000000000000000e+00 6.000000000000000000e+00 2.500000000000000000e+02 1.800000000000000000e+01 2.700000000000000000e+01 3.581000000000000000e+03 1.130000000000000000e+02 1.980000000000000000e+02 7.400000000000000000e+01
2.044500000000000000e+04 2.500000000000000000e+00 4.000000000000000000e+00 1.650000000000000000e+02 2.100000000000000000e+01 2.800000000000000000e+01 3.285000000000000000e+03 1.040000000000000000e+02 1.840000000000000000e+02 6.900000000000000000e+01
4.499500000000000000e+04 3.000000000000000000e+00 6.000000000000000000e+00 2.250000000000000000e+02 2.000000000000000000e+01 3.000000000000000000e+01 3.472000000000000000e+03 1.140000000000000000e+02 1.910000000000000000e+02 7.300000000000000000e+01
2.639500000000000000e+04 4.299999999999999822e+00 6.000000000000000000e+00 1.900000000000000000e+02 1.400000000000000000e+01 1.700000000000000000e+01 4.605000000000000000e+03 1.110000000000000000e+02 1.900000000000000000e+02 7.800000000000000000e+01
6.919500000000000000e+04 4.400000000000000355e+00 8.000000000000000000e+00 3.250000000000000000e+02 1.800000000000000000e+01 2.600000000000000000e+01 4.376000000000000000e+03 1.180000000000000000e+02 1.980000000000000000e+02 7.500000000000000000e+01
4.795500000000000000e+04 4.599999999999999645e+00 8.000000000000000000e+00 2.750000000000000000e+02 1.800000000000000000e+01 2.600000000000000000e+01 3.992000000000000000e+03 1.120000000000000000e+02 2.010000000000000000e+02 7.500000000000000000e+01
3.336000000000000000e+04 2.000000000000000000e+00 4.000000000000000000e+00 2.100000000000000000e+02 2.000000000000000000e+01 2.800000000000000000e+01 3.175000000000000000e+03 1.050000000000000000e+02 1.830000000000000000e+02 6.900000000000000000e+01
3.095000000000000000e+04 2.700000000000000178e+00 6.000000000000000000e+00 2.000000000000000000e+02 2.100000000000000000e+01 2.800000000000000000e+01 3.448000000000000000e+03 1.060000000000000000e+02 1.940000000000000000e+02 6.900000000000000000e+01
1.982500000000000000e+04 1.800000000000000044e+00 4.000000000000000000e+00 1.800000000000000000e+02 2.400000000000000000e+01 3.100000000000000000e+01 2.934000000000000000e+03 9.900000000000000000e+01 1.680000000000000000e+02 6.800000000000000000e+01
3.923500000000000000e+04 4.000000000000000000e+00 8.000000000000000000e+00 2.700000000000000000e+02 1.800000000000000000e+01 2.500000000000000000e+01 3.953000000000000000e+03 1.060000000000000000e+02 1.850000000000000000e+02 6.900000000000000000e+01
3.079500000000000000e+04 2.500000000000000000e+00 6.000000000000000000e+00 1.840000000000000000e+02 2.000000000000000000e+01 2.900000000000000000e+01 3.197000000000000000e+03 1.070000000000000000e+02 1.770000000000000000e+02 6.900000000000000000e+01
4.492500000000000000e+04 4.599999999999999645e+00 8.000000000000000000e+00 2.390000000000000000e+02 1.700000000000000000e+01 2.500000000000000000e+01 4.369000000000000000e+03 1.180000000000000000e+02 2.150000000000000000e+02 7.800000000000000000e+01
2.382000000000000000e+04 2.000000000000000000e+00 4.000000000000000000e+00 2.000000000000000000e+02 2.400000000000000000e+01 3.100000000000000000e+01 2.778000000000000000e+03 1.010000000000000000e+02 1.720000000000000000e+02 6.800000000000000000e+01
1.843500000000000000e+04 2.700000000000000178e+00 6.000000000000000000e+00 1.700000000000000000e+02 2.000000000000000000e+01 2.700000000000000000e+01 3.279000000000000000e+03 1.060000000000000000e+02 1.860000000000000000e+02 7.200000000000000000e+01
2.928200000000000000e+04 3.500000000000000000e+00 6.000000000000000000e+00 2.050000000000000000e+02 1.800000000000000000e+01 2.500000000000000000e+01 3.549000000000000000e+03 1.070000000000000000e+02 1.940000000000000000e+02 7.000000000000000000e+01
2.647000000000000000e+04 3.799999999999999822e+00 6.000000000000000000e+00 2.050000000000000000e+02 2.000000000000000000e+01 2.900000000000000000e+01 3.567000000000000000e+03 1.120000000000000000e+02 2.000000000000000000e+02 7.400000000000000000e+01
3.343000000000000000e+04 3.000000000000000000e+00 6.000000000000000000e+00 2.200000000000000000e+02 1.700000000000000000e+01 2.600000000000000000e+01 3.583000000000000000e+03 1.040000000000000000e+02 1.790000000000000000e+02 7.000000000000000000e+01
2.613500000000000000e+04 1.899999999999999911e+00 4.000000000000000000e+00 1.700000000000000000e+02 2.200000000000000000e+01 2.900000000000000000e+01 2.822000000000000000e+03 1.010000000000000000e+02 1.800000000000000000e+02 6.800000000000000000e+01
2.489500000000000000e+04 3.799999999999999822e+00 6.000000000000000000e+00 2.000000000000000000e+02 2.000000000000000000e+01 3.000000000000000000e+01 3.461000000000000000e+03 1.090000000000000000e+02 1.960000000000000000e+02 7.300000000000000000e+01
5.212000000000000000e+04 3.200000000000000178e+00 6.000000000000000000e+00 3.490000000000000000e+02 1.600000000000000000e+01 2.100000000000000000e+01 3.540000000000000000e+03 1.070000000000000000e+02 1.780000000000000000e+02 6.800000000000000000e+01
2.033900000000000000e+04 2.700000000000000178e+00 6.000000000000000000e+00 1.700000000000000000e+02 1.900000000000000000e+01 2.700000000000000000e+01 3.217000000000000000e+03 1.060000000000000000e+02 1.870000000000000000e+02 7.200000000000000000e+01
1.236000000000000000e+04 1.800000000000000044e+00 4.000000000000000000e+00 1.240000000000000000e+02 2.400000000000000000e+01 3.200000000000000000e+01 2.661000000000000000e+03 1.010000000000000000e+02 1.780000000000000000e+02 6.800000000000000000e+01
1.450000000000000000e+04 2.299999999999999822e+00 4.000000000000000000e+00 1.550000000000000000e+02 2.500000000000000000e+01 3.100000000000000000e+01 2.676000000000000000e+03 9.800000000000000000e+01 1.710000000000000000e+02 6.800000000000000000e+01
3.448000000000000000e+04 3.000000000000000000e+00 6.000000000000000000e+00 2.200000000000000000e+02 1.800000000000000000e+01 2.500000000000000000e+01 3.627000000000000000e+03 1.040000000000000000e+02 1.790000000000000000e+02 7.000000000000000000e+01
2.389500000000000000e+04 3.000000000000000000e+00 6.000000000000000000e+00 2.010000000000000000e+02 1.900000000000000000e+01 2.600000000000000000e+01 3.315000000000000000e+03 1.090000000000000000e+02 2.000000000000000000e+02 7.300000000000000000e+01
1.933900000000000000e+04 2.700000000000000178e+00 6.000000000000000000e+00 1.700000000000000000e+02 1.900000000000000000e+01 2.700000000000000000e+01 3.217000000000000000e+03 1.060000000000000000e+02 1.870000000000000000e+02 7.200000000000000000e+01
3.510500000000000000e+04 2.299999999999999822e+00 4.000000000000000000e+00 2.200000000000000000e+02 2.100000000000000000e+01 2.900000000000000000e+01 3.470000000000000000e+03 1.060000000000000000e+02 1.900000000000000000e+02 7.100000000000000000e+01
5.047000000000000000e+04 4.599999999999999645e+00 8.000000000000000000e+00 2.390000000000000000e+02 1.700000000000000000e+01 2.500000000000000000e+01 4.474000000000000000e+03 1.240000000000000000e+02 2.210000000000000000e+02 7.800000000000000000e+01
6.899500000000000000e+04 4.200000000000000178e+00 8.000000000000000000e+00 2.940000000000000000e+02 1.800000000000000000e+01 2.800000000000000000e+01 3.803000000000000000e+03 1.190000000000000000e+02 2.000000000000000000e+02 7.300000000000000000e+01
1.416500000000000000e+04 1.500000000000000000e+00 4.000000000000000000e+00 1.080000000000000000e+02 3.100000000000000000e+01 3.500000000000000000e+01 2.425000000000000000e+03 9.800000000000000000e+01 1.550000000000000000e+02 6.700000000000000000e+01
4.570000000000000000e+04 4.700000000000000178e+00 8.000000000000000000e+00 2.350000000000000000e+02 1.500000000000000000e+01 1.900000000000000000e+01 4.740000000000000000e+03 1.100000000000000000e+02 1.880000000000000000e+02 7.400000000000000000e+01
2.329000000000000000e+04 3.500000000000000000e+00 6.000000000000000000e+00 2.450000000000000000e+02 2.100000000000000000e+01 2.600000000000000000e+01 3.197000000000000000e+03 1.100000000000000000e+02 1.920000000000000000e+02 7.000000000000000000e+01
3.964000000000000000e+04 3.000000000000000000e+00 6.000000000000000000e+00 2.200000000000000000e+02 1.800000000000000000e+01 2.500000000000000000e+01 3.880000000000000000e+03 1.090000000000000000e+02 1.920000000000000000e+02 7.100000000000000000e+01
4.817000000000000000e+04 3.200000000000000178e+00 6.000000000000000000e+00 2.210000000000000000e+02 1.900000000000000000e+01 2.700000000000000000e+01 3.635000000000000000e+03 1.120000000000000000e+02 1.900000000000000000e+02 7.100000000000000000e+01
2.196500000000000000e+04 3.299999999999999822e+00 6.000000000000000000e+00 2.250000000000000000e+02 2.000000000000000000e+01 2.900000000000000000e+01 3.417000000000000000e+03 1.070000000000000000e+02 1.930000000000000000e+02 7.200000000000000000e+01
2.251500000000000000e+04 3.000000000000000000e+00 6.000000000000000000e+00 2.010000000000000000e+02 1.800000000000000000e+01 2.300000000000000000e+01 3.346000000000000000e+03 1.030000000000000000e+02 1.730000000000000000e+02 7.000000000000000000e+01
4.429500000000000000e+04 3.000000000000000000e+00 6.000000000000000000e+00 2.250000000000000000e+02 1.900000000000000000e+01 2.800000000000000000e+01 3.616000000000000000e+03 1.070000000000000000e+02 1.770000000000000000e+02 6.900000000000000000e+01
1.986000000000000000e+04 2.399999999999999911e+00 4.000000000000000000e+00 1.600000000000000000e+02 2.100000000000000000e+01 2.500000000000000000e+01 3.258000000000000000e+03 1.030000000000000000e+02 1.790000000000000000e+02 7.000000000000000000e+01
4.023500000000000000e+04 4.000000000000000000e+00 8.000000000000000000e+00 2.700000000000000000e+02 1.800000000000000000e+01 2.500000000000000000e+01 4.067000000000000000e+03 1.060000000000000000e+02 1.840000000000000000e+02 6.900000000000000000e+01
2.938000000000000000e+04 4.599999999999999645e+00 8.000000000000000000e+00 2.600000000000000000e+02 1.700000000000000000e+01 2.500000000000000000e+01 3.347000000000000000e+03 1.010000000000000000e+02 1.830000000000000000e+02 7.300000000000000000e+01
3.569500000000000000e+04 4.700000000000000178e+00 8.000000000000000000e+00 2.400000000000000000e+02 1.400000000000000000e+01 1.700000000000000000e+01 5.270000000000000000e+03 1.180000000000000000e+02 2.040000000000000000e+02 7.800000000000000000e+01
3.484500000000000000e+04 2.299999999999999822e+00 5.000000000000000000e+00 2.470000000000000000e+02 2.000000000000000000e+01 2.800000000000000000e+01 3.766000000000000000e+03 1.070000000000000000e+02 1.800000000000000000e+02 7.100000000000000000e+01
6.919000000000000000e+04 4.200000000000000178e+00 8.000000000000000000e+00 3.300000000000000000e+02 1.700000000000000000e+01 2.400000000000000000e+01 4.399000000000000000e+03 1.210000000000000000e+02 2.040000000000000000e+02 7.500000000000000000e+01
4.909000000000000000e+04 4.200000000000000178e+00 8.000000000000000000e+00 3.400000000000000000e+02 1.500000000000000000e+01 2.100000000000000000e+01 3.936000000000000000e+03 1.040000000000000000e+02 1.790000000000000000e+02 7.000000000000000000e+01
2.058500000000000000e+04 2.200000000000000178e+00 4.000000000000000000e+00 1.430000000000000000e+02 2.100000000000000000e+01 2.600000000000000000e+01 3.381000000000000000e+03 1.070000000000000000e+02 1.810000000000000000e+02 7.200000000000000000e+01
1.924650000000000000e+05 3.600000000000000089e+00 6.000000000000000000e+00 4.770000000000000000e+02 1.700000000000000000e+01 2.400000000000000000e+01 3.131000000000000000e+03 9.300000000000000000e+01 1.750000000000000000e+02 7.200000000000000000e+01
2.429500000000000000e+04 3.799999999999999822e+00 6.000000000000000000e+00 2.000000000000000000e+02 2.000000000000000000e+01 3.000000000000000000e+01 3.484000000000000000e+03 1.110000000000000000e+02 1.980000000000000000e+02 7.400000000000000000e+01
1.226900000000000000e+04 2.000000000000000000e+00 4.000000000000000000e+00 1.190000000000000000e+02 2.400000000000000000e+01 3.100000000000000000e+01 2.701000000000000000e+03 1.020000000000000000e+02 1.770000000000000000e+02 6.800000000000000000e+01
1.327000000000000000e+04 1.699999999999999956e+00 4.000000000000000000e+00 1.150000000000000000e+02 3.200000000000000000e+01 3.800000000000000000e+01 2.432000000000000000e+03 1.030000000000000000e+02 1.750000000000000000e+02 6.700000000000000000e+01
3.184900000000000000e+04 4.200000000000000178e+00 6.000000000000000000e+00 2.750000000000000000e+02 1.500000000000000000e+01 2.000000000000000000e+01 4.967000000000000000e+03 1.290000000000000000e+02 2.080000000000000000e+02 7.600000000000000000e+01
3.773000000000000000e+04 2.899999999999999911e+00 6.000000000000000000e+00 2.080000000000000000e+02 2.000000000000000000e+01 2.800000000000000000e+01 3.576000000000000000e+03 1.100000000000000000e+02 1.900000000000000000e+02 7.200000000000000000e+01
3.551500000000000000e+04 3.200000000000000178e+00 6.000000000000000000e+00 2.200000000000000000e+02 1.500000000000000000e+01 2.000000000000000000e+01 5.086000000000000000e+03 1.120000000000000000e+02 1.870000000000000000e+02 7.600000000000000000e+01
2.696000000000000000e+04 3.000000000000000000e+00 6.000000000000000000e+00 2.400000000000000000e+02 2.100000000000000000e+01 3.000000000000000000e+01 3.294000000000000000e+03 1.050000000000000000e+02 1.880000000000000000e+02 7.100000000000000000e+01
3.092000000000000000e+04 3.000000000000000000e+00 6.000000000000000000e+00 2.100000000000000000e+02 2.100000000000000000e+01 2.900000000000000000e+01 3.439000000000000000e+03 1.070000000000000000e+02 1.920000000000000000e+02 7.200000000000000000e+01
4.125000000000000000e+04 2.899999999999999911e+00 6.000000000000000000e+00 2.680000000000000000e+02 1.500000000000000000e+01 2.000000000000000000e+01 4.638000000000000000e+03 1.130000000000000000e+02 1.890000000000000000e+02 7.500000000000000000e+01
3.326000000000000000e+04 2.200000000000000178e+00 4.000000000000000000e+00 2.400000000000000000e+02 2.000000000000000000e+01 2.500000000000000000e+01 2.835000000000000000e+03 9.500000000000000000e+01 1.620000000000000000e+02 6.900000000000000000e+01
2.999500000000000000e+04 2.500000000000000000e+00 6.000000000000000000e+00 1.920000000000000000e+02 1.800000000000000000e+01 2.600000000000000000e+01 3.428000000000000000e+03 1.070000000000000000e+02 1.840000000000000000e+02 7.000000000000000000e+01
4.084500000000000000e+04 2.299999999999999822e+00 4.000000000000000000e+00 2.500000000000000000e+02 1.900000000000000000e+01 2.900000000000000000e+01 3.620000000000000000e+03 1.060000000000000000e+02 1.900000000000000000e+02 7.100000000000000000e+01
3.223500000000000000e+04 4.700000000000000178e+00 8.000000000000000000e+00 2.300000000000000000e+02 1.500000000000000000e+01 2.100000000000000000e+01 4.987000000000000000e+03 1.190000000000000000e+02 2.010000000000000000e+02 7.600000000000000000e+01
2.179500000000000000e+04 2.399999999999999911e+00 4.000000000000000000e+00 1.500000000000000000e+02 2.000000000000000000e+01 2.600000000000000000e+01 3.862000000000000000e+03 1.130000000000000000e+02 1.890000000000000000e+02 7.900000000000000000e+01
2.257000000000000000e+04 1.800000000000000044e+00 4.000000000000000000e+00 1.800000000000000000e+02 2.400000000000000000e+01 3.300000000000000000e+01 2.500000000000000000e+03 1.020000000000000000e+02 1.710000000000000000e+02 6.800000000000000000e+01
3.378000000000000000e+04 2.600000000000000089e+00 6.000000000000000000e+00 1.680000000000000000e+02 1.900000000000000000e+01 2.500000000000000000e+01 3.470000000000000000e+03 1.070000000000000000e+02 1.790000000000000000e+02 6.800000000000000000e+01
3.104500000000000000e+04 3.000000000000000000e+00 6.000000000000000000e+00 2.150000000000000000e+02 1.800000000000000000e+01 2.500000000000000000e+01 3.255000000000000000e+03 1.050000000000000000e+02 1.770000000000000000e+02 6.800000000000000000e+01
2.093900000000000000e+04 3.299999999999999822e+00 6.000000000000000000e+00 1.800000000000000000e+02 1.700000000000000000e+01 2.000000000000000000e+01 3.760000000000000000e+03 1.040000000000000000e+02 1.780000000000000000e+02 7.000000000000000000e+01
2.378500000000000000e+04 2.799999999999999822e+00 6.000000000000000000e+00 2.000000000000000000e+02 2.100000000000000000e+01 3.000000000000000000e+01 3.179000000000000000e+03 9.900000000000000000e+01 1.720000000000000000e+02 6.800000000000000000e+01
3.224500000000000000e+04 3.799999999999999822e+00 6.000000000000000000e+00 2.050000000000000000e+02 2.000000000000000000e+01 2.900000000000000000e+01 3.591000000000000000e+03 1.120000000000000000e+02 2.000000000000000000e+02 7.400000000000000000e+01
7.319500000000000000e+04 4.400000000000000355e+00 8.000000000000000000e+00 3.250000000000000000e+02 1.800000000000000000e+01 2.600000000000000000e+01 4.464000000000000000e+03 1.230000000000000000e+02 2.040000000000000000e+02 7.500000000000000000e+01
5.499500000000000000e+04 4.400000000000000355e+00 8.000000000000000000e+00 3.250000000000000000e+02 1.800000000000000000e+01 2.600000000000000000e+01 3.814000000000000000e+03 1.140000000000000000e+02 1.910000000000000000e+02 7.300000000000000000e+01
3.399500000000000000e+04 4.200000000000000178e+00 6.000000000000000000e+00 2.010000000000000000e+02 1.600000000000000000e+01 2.300000000000000000e+01 4.340000000000000000e+03 1.210000000000000000e+02 2.020000000000000000e+02 7.700000000000000000e+01
1.461000000000000000e+04 2.200000000000000178e+00 4.000000000000000000e+00 1.400000000000000000e+02 2.600000000000000000e+01 3.700000000000000000e+01 2.617000000000000000e+03 1.040000000000000000e+02 1.830000000000000000e+02 6.900000000000000000e+01
4.284500000000000000e+04 4.500000000000000000e+00 8.000000000000000000e+00 3.400000000000000000e+02 1.700000000000000000e+01 2.300000000000000000e+01 3.851000000000000000e+03 1.100000000000000000e+02 1.970000000000000000e+02 7.000000000000000000e+01
2.849500000000000000e+04 3.500000000000000000e+00 6.000000000000000000e+00 2.600000000000000000e+02 1.800000000000000000e+01 2.600000000000000000e+01 3.336000000000000000e+03 1.120000000000000000e+02 1.870000000000000000e+02 6.900000000000000000e+01
5.236500000000000000e+04 3.200000000000000178e+00 6.000000000000000000e+00 2.580000000000000000e+02 1.800000000000000000e+01 2.600000000000000000e+01 2.911000000000000000e+03 9.500000000000000000e+01 1.700000000000000000e+02 7.000000000000000000e+01
7.432000000000000000e+04 4.299999999999999822e+00 8.000000000000000000e+00 2.750000000000000000e+02 1.800000000000000000e+01 2.600000000000000000e+01 4.160000000000000000e+03 1.220000000000000000e+02 2.030000000000000000e+02 7.300000000000000000e+01
1.699900000000000000e+04 1.600000000000000089e+00 4.000000000000000000e+00 1.150000000000000000e+02 2.800000000000000000e+01 3.700000000000000000e+01 2.524000000000000000e+03 9.700000000000000000e+01 1.430000000000000000e+02 6.700000000000000000e+01
2.469500000000000000e+04 4.599999999999999645e+00 8.000000000000000000e+00 2.240000000000000000e+02 1.700000000000000000e+01 2.500000000000000000e+01 4.052000000000000000e+03 1.150000000000000000e+02 2.120000000000000000e+02 7.800000000000000000e+01
3.789500000000000000e+04 4.200000000000000178e+00 6.000000000000000000e+00 2.750000000000000000e+02 1.500000000000000000e+01 2.100000000000000000e+01 4.600000000000000000e+03 1.130000000000000000e+02 1.930000000000000000e+02 7.500000000000000000e+01
5.280000000000000000e+04 5.000000000000000000e+00 8.000000000000000000e+00 3.020000000000000000e+02 1.700000000000000000e+01 2.200000000000000000e+01 3.585000000000000000e+03 1.070000000000000000e+02 1.830000000000000000e+02 6.900000000000000000e+01
4.256500000000000000e+04 2.299999999999999822e+00 5.000000000000000000e+00 2.420000000000000000e+02 2.000000000000000000e+01 2.600000000000000000e+01 3.450000000000000000e+03 1.050000000000000000e+02 1.860000000000000000e+02 7.200000000000000000e+01
7.225000000000000000e+04 4.400000000000000355e+00 8.000000000000000000e+00 2.820000000000000000e+02 1.200000000000000000e+01 1.600000000000000000e+01 5.379000000000000000e+03 1.130000000000000000e+02 1.950000000000000000e+02 7.600000000000000000e+01
2.599500000000000000e+04 2.500000000000000000e+00 6.000000000000000000e+00 1.740000000000000000e+02 1.800000000000000000e+01 2.100000000000000000e+01 3.577000000000000000e+03 1.010000000000000000e+02 1.750000000000000000e+02 7.100000000000000000e+01
2.944000000000000000e+04 3.500000000000000000e+00 6.000000000000000000e+00 2.650000000000000000e+02 2.000000000000000000e+01 2.800000000000000000e+01 3.476000000000000000e+03 1.110000000000000000e+02 1.940000000000000000e+02 7.200000000000000000e+01
1.764000000000000000e+04 2.500000000000000000e+00 4.000000000000000000e+00 1.650000000000000000e+02 2.300000000000000000e+01 2.800000000000000000e+01 2.761000000000000000e+03 1.000000000000000000e+02 1.780000000000000000e+02 6.700000000000000000e+01
2.999500000000000000e+04 4.000000000000000000e+00 6.000000000000000000e+00 2.100000000000000000e+02 1.600000000000000000e+01 2.100000000000000000e+01 4.374000000000000000e+03 1.140000000000000000e+02 1.900000000000000000e+02 7.200000000000000000e+01
1.549500000000000000e+04 2.200000000000000178e+00 4.000000000000000000e+00 1.400000000000000000e+02 2.400000000000000000e+01 3.300000000000000000e+01 2.771000000000000000e+03 1.040000000000000000e+02 1.820000000000000000e+02 6.800000000000000000e+01
1.956000000000000000e+04 2.399999999999999911e+00 4.000000000000000000e+00 1.570000000000000000e+02 2.400000000000000000e+01 3.300000000000000000e+01 3.086000000000000000e+03 1.070000000000000000e+02 1.890000000000000000e+02 7.100000000000000000e+01
3.639500000000000000e+04 4.500000000000000000e+00 8.000000000000000000e+00 3.150000000000000000e+02 1.500000000000000000e+01 1.900000000000000000e+01 4.309000000000000000e+03 1.120000000000000000e+02 1.890000000000000000e+02 7.600000000000000000e+01
2.521500000000000000e+04 2.399999999999999911e+00 4.000000000000000000e+00 1.500000000000000000e+02 2.200000000000000000e+01 3.000000000000000000e+01 3.357000000000000000e+03 1.060000000000000000e+02 1.940000000000000000e+02 6.400000000000000000e+01
4.059000000000000000e+04 3.200000000000000178e+00 6.000000000000000000e+00 2.500000000000000000e+02 2.100000000000000000e+01 2.900000000000000000e+01 3.351000000000000000e+03 9.600000000000000000e+01 1.590000000000000000e+02 7.300000000000000000e+01
5.153500000000000000e+04 5.700000000000000178e+00 8.000000000000000000e+00 3.500000000000000000e+02 1.800000000000000000e+01 2.500000000000000000e+01 3.248000000000000000e+03 1.050000000000000000e+02 1.800000000000000000e+02 7.400000000000000000e+01
2.656000000000000000e+04 3.000000000000000000e+00 6.000000000000000000e+00 2.100000000000000000e+02 2.100000000000000000e+01 2.900000000000000000e+01 3.417000000000000000e+03 1.070000000000000000e+02 1.920000000000000000e+02 7.200000000000000000e+01
3.756000000000000000e+04 2.500000000000000000e+00 5.000000000000000000e+00 3.000000000000000000e+02 1.800000000000000000e+01 2.500000000000000000e+01 3.571000000000000000e+03 1.070000000000000000e+02 1.810000000000000000e+02 7.100000000000000000e+01
4.699500000000000000e+04 4.599999999999999645e+00 8.000000000000000000e+00 3.200000000000000000e+02 1.600000000000000000e+01 2.100000000000000000e+01 4.302000000000000000e+03 1.160000000000000000e+02 1.950000000000000000e+02 7.300000000000000000e+01
1.156000000000000000e+04 1.500000000000000000e+00 4.000000000000000000e+00 1.080000000000000000e+02 3.300000000000000000e+01 3.900000000000000000e+01 2.085000000000000000e+03 9.300000000000000000e+01 1.630000000000000000e+02 6.500000000000000000e+01
1.704500000000000000e+04 1.800000000000000044e+00 4.000000000000000000e+00 1.300000000000000000e+02 2.900000000000000000e+01 3.600000000000000000e+01 2.701000000000000000e+03 1.020000000000000000e+02 1.720000000000000000e+02 7.000000000000000000e+01
2.014000000000000000e+04 1.399999999999999911e+00 4.000000000000000000e+00 9.300000000000000000e+01 4.600000000000000000e+01 5.100000000000000000e+01 2.732000000000000000e+03 1.030000000000000000e+02 1.750000000000000000e+02 6.800000000000000000e+01
3.572500000000000000e+04 4.799999999999999822e+00 8.000000000000000000e+00 2.850000000000000000e+02 1.600000000000000000e+01 1.900000000000000000e+01 5.042000000000000000e+03 1.160000000000000000e+02 1.990000000000000000e+02 7.900000000000000000e+01
1.963500000000000000e+04 2.399999999999999911e+00 4.000000000000000000e+00 1.570000000000000000e+02 2.400000000000000000e+01 3.300000000000000000e+01 3.175000000000000000e+03 1.070000000000000000e+02 1.930000000000000000e+02 7.200000000000000000e+01
4.104500000000000000e+04 3.000000000000000000e+00 6.000000000000000000e+00 2.250000000000000000e+02 2.100000000000000000e+01 2.900000000000000000e+01 2.998000000000000000e+03 9.800000000000000000e+01 1.610000000000000000e+02 7.000000000000000000e+01
3.788500000000000000e+04 2.500000000000000000e+00 5.000000000000000000e+00 1.940000000000000000e+02 2.000000000000000000e+01 2.700000000000000000e+01 3.691000000000000000e+03 1.100000000000000000e+02 1.900000000000000000e+02 7.200000000000000000e+01
1.927000000000000000e+04 2.299999999999999822e+00 4.000000000000000000e+00 1.600000000000000000e+02 2.400000000000000000e+01 3.200000000000000000e+01 3.042000000000000000e+03 1.050000000000000000e+02 1.870000000000000000e+02 7.000000000000000000e+01
3.031500000000000000e+04 4.599999999999999645e+00 8.000000000000000000e+00 2.390000000000000000e+02 1.700000000000000000e+01 2.500000000000000000e+01 4.057000000000000000e+03 1.150000000000000000e+02 2.120000000000000000e+02 7.800000000000000000e+01
1.417000000000000000e+04 1.699999999999999956e+00 4.000000000000000000e+00 1.170000000000000000e+02 3.600000000000000000e+01 4.400000000000000000e+01 2.500000000000000000e+03 1.030000000000000000e+02 1.750000000000000000e+02 6.700000000000000000e+01
1.296500000000000000e+04 1.500000000000000000e+00 4.000000000000000000e+00 1.080000000000000000e+02 3.200000000000000000e+01 3.800000000000000000e+01 2.340000000000000000e+03 9.300000000000000000e+01 1.540000000000000000e+02 6.700000000000000000e+01
1.474000000000000000e+04 1.800000000000000044e+00 4.000000000000000000e+00 1.260000000000000000e+02 2.800000000000000000e+01 3.500000000000000000e+01 2.581000000000000000e+03 1.000000000000000000e+02 1.780000000000000000e+02 6.700000000000000000e+01
3.592000000000000000e+04 3.200000000000000178e+00 6.000000000000000000e+00 2.150000000000000000e+02 1.900000000000000000e+01 2.600000000000000000e+01 3.430000000000000000e+03 1.070000000000000000e+02 1.780000000000000000e+02 6.800000000000000000e+01
3.184000000000000000e+04 3.000000000000000000e+00 6.000000000000000000e+00 2.200000000000000000e+02 2.000000000000000000e+01 2.800000000000000000e+01 3.462000000000000000e+03 1.040000000000000000e+02 1.790000000000000000e+02 7.000000000000000000e+01
3.919500000000000000e+04 3.299999999999999822e+00 6.000000000000000000e+00 2.300000000000000000e+02 1.800000000000000000e+01 2.400000000000000000e+01 4.065000000000000000e+03 1.070000000000000000e+02 1.860000000000000000e+02 7.300000000000000000e+01
4.032000000000000000e+04 2.299999999999999822e+00 4.000000000000000000e+00 1.920000000000000000e+02 2.100000000000000000e+01 2.900000000000000000e+01 3.055000000000000000e+03 9.500000000000000000e+01 1.580000000000000000e+02 6.800000000000000000e+01
9.482000000000000000e+04 5.000000000000000000e+00 8.000000000000000000e+00 3.020000000000000000e+02 1.600000000000000000e+01 2.400000000000000000e+01 4.085000000000000000e+03 1.140000000000000000e+02 1.960000000000000000e+02 7.300000000000000000e+01
2.849500000000000000e+04 2.500000000000000000e+00 6.000000000000000000e+00 1.840000000000000000e+02 2.000000000000000000e+01 2.900000000000000000e+01 3.219000000000000000e+03 1.070000000000000000e+02 1.760000000000000000e+02 6.900000000000000000e+01
1.798500000000000000e+04 2.399999999999999911e+00 4.000000000000000000e+00 1.500000000000000000e+02 2.200000000000000000e+01 2.900000000000000000e+01 3.101000000000000000e+03 1.030000000000000000e+02 1.690000000000000000e+02 6.700000000000000000e+01
5.659500000000000000e+04 3.200000000000000178e+00 6.000000000000000000e+00 3.330000000000000000e+02 1.600000000000000000e+01 2.300000000000000000e+01 3.781000000000000000e+03 1.080000000000000000e+02 1.770000000000000000e+02 7.000000000000000000e+01
5.277500000000000000e+04 5.400000000000000355e+00 8.000000000000000000e+00 3.000000000000000000e+02 1.300000000000000000e+01 1.800000000000000000e+01 5.969000000000000000e+03 1.190000000000000000e+02 2.060000000000000000e+02 8.000000000000000000e+01
3.700000000000000000e+04 3.000000000000000000e+00 6.000000000000000000e+00 2.250000000000000000e+02 1.600000000000000000e+01 2.300000000000000000e+01 4.023000000000000000e+03 1.100000000000000000e+02 1.800000000000000000e+02 7.300000000000000000e+01
3.154500000000000000e+04 3.000000000000000000e+00 6.000000000000000000e+00 2.120000000000000000e+02 1.900000000000000000e+01 2.600000000000000000e+01 3.630000000000000000e+03 1.040000000000000000e+02 1.840000000000000000e+02 6.900000000000000000e+01
1.503000000000000000e+04 1.800000000000000044e+00 4.000000000000000000e+00 1.300000000000000000e+02 3.200000000000000000e+01 4.000000000000000000e+01 2.524000000000000000e+03 1.020000000000000000e+02 1.780000000000000000e+02 6.700000000000000000e+01
2.967000000000000000e+04 4.000000000000000000e+00 6.000000000000000000e+00 2.100000000000000000e+02 1.500000000000000000e+01 2.000000000000000000e+01 4.463000000000000000e+03 1.140000000000000000e+02 1.900000000000000000e+02 7.200000000000000000e+01
4.389500000000000000e+04 3.000000000000000000e+00 6.000000000000000000e+00 2.350000000000000000e+02 1.800000000000000000e+01 2.600000000000000000e+01 3.777000000000000000e+03 1.150000000000000000e+02 1.920000000000000000e+02 7.200000000000000000e+01
8.199500000000000000e+04 4.200000000000000178e+00 8.000000000000000000e+00 3.900000000000000000e+02 1.600000000000000000e+01 2.300000000000000000e+01 3.865000000000000000e+03 1.020000000000000000e+02 1.870000000000000000e+02 7.100000000000000000e+01
2.793000000000000000e+04 3.299999999999999822e+00 6.000000000000000000e+00 2.300000000000000000e+02 1.800000000000000000e+01 2.400000000000000000e+01 3.935000000000000000e+03 1.070000000000000000e+02 1.850000000000000000e+02 7.200000000000000000e+01
1.638500000000000000e+04 2.200000000000000178e+00 4.000000000000000000e+00 1.400000000000000000e+02 2.600000000000000000e+01 3.700000000000000000e+01 2.617000000000000000e+03 1.040000000000000000e+02 1.830000000000000000e+02 6.900000000000000000e+01
6.320000000000000000e+04 4.299999999999999822e+00 8.000000000000000000e+00 3.000000000000000000e+02 1.800000000000000000e+01 2.300000000000000000e+01 3.840000000000000000e+03 1.030000000000000000e+02 1.780000000000000000e+02 7.200000000000000000e+01
3.489500000000000000e+04 3.500000000000000000e+00 6.000000000000000000e+00 2.800000000000000000e+02 1.600000000000000000e+01 2.200000000000000000e+01 4.056000000000000000e+03 1.120000000000000000e+02 1.890000000000000000e+02 7.600000000000000000e+01
2.799500000000000000e+04 3.799999999999999822e+00 6.000000000000000000e+00 2.400000000000000000e+02 1.800000000000000000e+01 2.800000000000000000e+01 3.606000000000000000e+03 1.110000000000000000e+02 2.000000000000000000e+02 7.300000000000000000e+01
5.727000000000000000e+04 5.000000000000000000e+00 8.000000000000000000e+00 3.020000000000000000e+02 1.600000000000000000e+01 2.000000000000000000e+01 3.815000000000000000e+03 1.120000000000000000e+02 1.900000000000000000e+02 7.100000000000000000e+01
2.745000000000000000e+04 3.500000000000000000e+00 6.000000000000000000e+00 2.400000000000000000e+02 1.800000000000000000e+01 2.500000000000000000e+01 4.365000000000000000e+03 1.180000000000000000e+02 2.010000000000000000e+02 7.600000000000000000e+01
4.845000000000000000e+04 4.299999999999999822e+00 8.000000000000000000e+00 3.000000000000000000e+02 1.800000000000000000e+01 2.300000000000000000e+01 3.715000000000000000e+03 1.100000000000000000e+02 1.890000000000000000e+02 7.100000000000000000e+01
3.763000000000000000e+04 3.200000000000000178e+00 6.000000000000000000e+00 2.150000000000000000e+02 2.000000000000000000e+01 2.600000000000000000e+01 3.450000000000000000e+03 1.070000000000000000e+02 1.780000000000000000e+02 6.800000000000000000e+01
2.834500000000000000e+04 3.799999999999999822e+00 6.000000000000000000e+00 2.400000000000000000e+02 1.800000000000000000e+01 2.800000000000000000e+01 3.536000000000000000e+03 1.090000000000000000e+02 1.960000000000000000e+02 7.300000000000000000e+01
4.009500000000000000e+04 3.899999999999999911e+00 8.000000000000000000e+00 2.800000000000000000e+02 1.700000000000000000e+01 2.400000000000000000e+01 3.768000000000000000e+03 1.150000000000000000e+02 1.940000000000000000e+02 7.300000000000000000e+01
1.986000000000000000e+04 2.399999999999999911e+00 4.000000000000000000e+00 1.600000000000000000e+02 2.600000000000000000e+01 3.400000000000000000e+01 2.994000000000000000e+03 1.050000000000000000e+02 1.880000000000000000e+02 7.100000000000000000e+01
2.190000000000000000e+04 3.399999999999999911e+00 6.000000000000000000e+00 1.800000000000000000e+02 2.100000000000000000e+01 3.200000000000000000e+01 3.465000000000000000e+03 1.110000000000000000e+02 2.000000000000000000e+02 7.300000000000000000e+01
1.582500000000000000e+04 2.200000000000000178e+00 4.000000000000000000e+00 1.400000000000000000e+02 2.600000000000000000e+01 3.500000000000000000e+01 2.692000000000000000e+03 1.030000000000000000e+02 1.850000000000000000e+02 6.700000000000000000e+01
2.691000000000000000e+04 3.500000000000000000e+00 6.000000000000000000e+00 2.870000000000000000e+02 2.000000000000000000e+01 2.600000000000000000e+01 3.188000000000000000e+03 1.040000000000000000e+02 1.690000000000000000e+02 7.200000000000000000e+01
4.072000000000000000e+04 3.799999999999999822e+00 6.000000000000000000e+00 2.400000000000000000e+02 1.800000000000000000e+01 2.800000000000000000e+01 3.909000000000000000e+03 1.140000000000000000e+02 2.070000000000000000e+02 7.500000000000000000e+01
3.514500000000000000e+04 2.500000000000000000e+00 5.000000000000000000e+00 2.080000000000000000e+02 2.000000000000000000e+01 2.700000000000000000e+01 3.823000000000000000e+03 1.090000000000000000e+02 1.860000000000000000e+02 7.300000000000000000e+01
1.274000000000000000e+04 1.800000000000000044e+00 4.000000000000000000e+00 1.260000000000000000e+02 2.800000000000000000e+01 3.500000000000000000e+01 2.513000000000000000e+03 1.000000000000000000e+02 1.780000000000000000e+02 6.700000000000000000e+01
2.044900000000000000e+04 3.200000000000000178e+00 6.000000000000000000e+00 1.930000000000000000e+02 1.700000000000000000e+01 2.100000000000000000e+01 3.836000000000000000e+03 1.060000000000000000e+02 1.780000000000000000e+02 7.000000000000000000e+01
4.317500000000000000e+04 2.000000000000000000e+00 4.000000000000000000e+00 2.100000000000000000e+02 2.100000000000000000e+01 3.000000000000000000e+01 3.700000000000000000e+03 1.050000000000000000e+02 1.820000000000000000e+02 6.900000000000000000e+01
1.217700000000000000e+05 5.500000000000000000e+00 8.000000000000000000e+00 4.930000000000000000e+02 1.400000000000000000e+01 2.100000000000000000e+01 4.235000000000000000e+03 1.010000000000000000e+02 1.790000000000000000e+02 7.200000000000000000e+01
4.999500000000000000e+04 6.000000000000000000e+00 8.000000000000000000e+00 3.160000000000000000e+02 1.000000000000000000e+01 1.200000000000000000e+01 6.400000000000000000e+03 1.230000000000000000e+02 1.900000000000000000e+02 8.100000000000000000e+01
3.399500000000000000e+04 3.000000000000000000e+00 6.000000000000000000e+00 2.270000000000000000e+02 1.800000000000000000e+01 2.500000000000000000e+01 3.516000000000000000e+03 1.070000000000000000e+02 1.840000000000000000e+02 7.000000000000000000e+01
2.222500000000000000e+04 3.500000000000000000e+00 6.000000000000000000e+00 2.000000000000000000e+02 2.200000000000000000e+01 3.000000000000000000e+01 3.458000000000000000e+03 1.120000000000000000e+02 1.880000000000000000e+02 7.000000000000000000e+01
2.395500000000000000e+04 1.800000000000000044e+00 4.000000000000000000e+00 1.700000000000000000e+02 2.200000000000000000e+01 3.100000000000000000e+01 3.241000000000000000e+03 1.060000000000000000e+02 1.850000000000000000e+02 6.900000000000000000e+01
2.226000000000000000e+04 2.399999999999999911e+00 4.000000000000000000e+00 1.600000000000000000e+02 2.600000000000000000e+01 3.400000000000000000e+01 3.047000000000000000e+03 1.050000000000000000e+02 1.880000000000000000e+02 7.100000000000000000e+01
2.651000000000000000e+04 3.299999999999999822e+00 6.000000000000000000e+00 2.250000000000000000e+02 2.000000000000000000e+01 2.900000000000000000e+01 3.439000000000000000e+03 1.070000000000000000e+02 1.930000000000000000e+02 7.200000000000000000e+01
2.367500000000000000e+04 3.399999999999999911e+00 6.000000000000000000e+00 1.700000000000000000e+02 2.000000000000000000e+01 2.900000000000000000e+01 3.085000000000000000e+03 1.070000000000000000e+02 1.870000000000000000e+02 7.000000000000000000e+01
1.373000000000000000e+04 2.000000000000000000e+00 4.000000000000000000e+00 1.100000000000000000e+02 2.700000000000000000e+01 3.600000000000000000e+01 2.606000000000000000e+03 1.030000000000000000e+02 1.680000000000000000e+02 6.700000000000000000e+01
1.949000000000000000e+04 2.000000000000000000e+00 4.000000000000000000e+00 1.600000000000000000e+02 2.600000000000000000e+01 3.000000000000000000e+01 2.782000000000000000e+03 1.010000000000000000e+02 1.660000000000000000e+02 6.700000000000000000e+01
1.053900000000000000e+04 1.600000000000000089e+00 4.000000000000000000e+00 1.030000000000000000e+02 2.900000000000000000e+01 3.300000000000000000e+01 2.255000000000000000e+03 9.600000000000000000e+01 1.670000000000000000e+02 6.600000000000000000e+01
3.083500000000000000e+04 3.600000000000000089e+00 6.000000000000000000e+00 2.550000000000000000e+02 1.800000000000000000e+01 2.500000000000000000e+01 3.694000000000000000e+03 1.130000000000000000e+02 1.900000000000000000e+02 7.100000000000000000e+01
1.408500000000000000e+04 1.800000000000000044e+00 4.000000000000000000e+00 1.300000000000000000e+02 3.200000000000000000e+01 4.000000000000000000e+01 2.502000000000000000e+03 1.020000000000000000e+02 1.780000000000000000e+02 6.700000000000000000e+01
2.873900000000000000e+04 3.500000000000000000e+00 6.000000000000000000e+00 2.450000000000000000e+02 2.000000000000000000e+01 2.500000000000000000e+01 3.801000000000000000e+03 1.110000000000000000e+02 1.880000000000000000e+02 7.400000000000000000e+01
3.049200000000000000e+04 3.799999999999999822e+00 6.000000000000000000e+00 2.150000000000000000e+02 1.700000000000000000e+01 2.100000000000000000e+01 4.134000000000000000e+03 1.090000000000000000e+02 1.900000000000000000e+02 7.400000000000000000e+01
4.349500000000000000e+04 3.899999999999999911e+00 8.000000000000000000e+00 2.800000000000000000e+02 1.700000000000000000e+01 2.400000000000000000e+01 3.768000000000000000e+03 1.150000000000000000e+02 1.940000000000000000e+02 7.300000000000000000e+01
5.279500000000000000e+04 5.299999999999999822e+00 8.000000000000000000e+00 2.950000000000000000e+02 1.400000000000000000e+01 1.800000000000000000e+01 5.367000000000000000e+03 1.160000000000000000e+02 1.990000000000000000e+02 7.900000000000000000e+01
2.108700000000000000e+04 2.000000000000000000e+00 4.000000000000000000e+00 1.300000000000000000e+02 2.200000000000000000e+01 2.500000000000000000e+01 3.091000000000000000e+03 1.030000000000000000e+02 1.730000000000000000e+02 7.200000000000000000e+01
3.594000000000000000e+04 1.800000000000000044e+00 4.000000000000000000e+00 1.800000000000000000e+02 2.000000000000000000e+01 2.800000000000000000e+01 3.131000000000000000e+03 9.500000000000000000e+01 1.590000000000000000e+02 7.300000000000000000e+01
4.999500000000000000e+04 4.200000000000000178e+00 8.000000000000000000e+00 2.940000000000000000e+02 1.800000000000000000e+01 2.800000000000000000e+01 3.874000000000000000e+03 1.150000000000000000e+02 1.920000000000000000e+02 7.200000000000000000e+01
4.101000000000000000e+04 3.000000000000000000e+00 6.000000000000000000e+00 2.200000000000000000e+02 1.800000000000000000e+01 2.500000000000000000e+01 3.649000000000000000e+03 1.100000000000000000e+02 1.890000000000000000e+02 7.100000000000000000e+01
5.219500000000000000e+04 4.400000000000000355e+00 8.000000000000000000e+00 3.250000000000000000e+02 1.600000000000000000e+01 2.200000000000000000e+01 4.824000000000000000e+03 1.110000000000000000e+02 1.840000000000000000e+02 7.400000000000000000e+01
6.067000000000000000e+04 5.000000000000000000e+00 8.000000000000000000e+00 3.020000000000000000e+02 1.600000000000000000e+01 2.400000000000000000e+01 4.230000000000000000e+03 1.120000000000000000e+02 1.900000000000000000e+02 7.100000000000000000e+01
1.873900000000000000e+04 2.700000000000000178e+00 6.000000000000000000e+00 1.720000000000000000e+02 1.900000000000000000e+01 2.600000000000000000e+01 3.023000000000000000e+03 1.000000000000000000e+02 1.730000000000000000e+02 6.900000000000000000e+01
2.061500000000000000e+04 3.500000000000000000e+00 6.000000000000000000e+00 1.950000000000000000e+02 1.600000000000000000e+01 2.200000000000000000e+01 4.802000000000000000e+03 1.150000000000000000e+02 1.940000000000000000e+02 7.500000000000000000e+01
2.259500000000000000e+04 3.000000000000000000e+00 6.000000000000000000e+00 1.550000000000000000e+02 1.900000000000000000e+01 2.600000000000000000e+01 3.488000000000000000e+03 1.090000000000000000e+02 1.980000000000000000e+02 7.300000000000000000e+01
1.963500000000000000e+04 3.500000000000000000e+00 6.000000000000000000e+00 1.920000000000000000e+02 1.600000000000000000e+01 1.900000000000000000e+01 4.112000000000000000e+03 1.070000000000000000e+02 1.800000000000000000e+02 7.300000000000000000e+01
7.916500000000000000e+04 3.600000000000000089e+00 6.000000000000000000e+00 3.150000000000000000e+02 1.800000000000000000e+01 2.600000000000000000e+01 3.135000000000000000e+03 9.300000000000000000e+01 1.750000000000000000e+02 7.000000000000000000e+01
4.544500000000000000e+04 4.599999999999999645e+00 8.000000000000000000e+00 2.750000000000000000e+02 1.800000000000000000e+01 2.600000000000000000e+01 3.984000000000000000e+03 1.150000000000000000e+02 2.070000000000000000e+02 7.400000000000000000e+01
3.114500000000000000e+04 3.500000000000000000e+00 6.000000000000000000e+00 2.550000000000000000e+02 1.900000000000000000e+01 2.600000000000000000e+01 3.306000000000000000e+03 1.080000000000000000e+02 1.940000000000000000e+02 7.000000000000000000e+01
1.076000000000000000e+04 1.500000000000000000e+00 4.000000000000000000e+00 1.080000000000000000e+02 3.500000000000000000e+01 4.300000000000000000e+01 2.035000000000000000e+03 9.300000000000000000e+01 1.630000000000000000e+02 6.500000000000000000e+01
4.181500000000000000e+04 4.599999999999999645e+00 8.000000000000000000e+00 2.390000000000000000e+02 1.700000000000000000e+01 2.500000000000000000e+01 4.369000000000000000e+03 1.180000000000000000e+02 2.150000000000000000e+02 7.800000000000000000e+01
4.424000000000000000e+04 3.000000000000000000e+00 6.000000000000000000e+00 2.200000000000000000e+02 1.800000000000000000e+01 2.500000000000000000e+01 4.013000000000000000e+03 1.050000000000000000e+02 1.800000000000000000e+02 7.000000000000000000e+01
7.687000000000000000e+04 5.000000000000000000e+00 8.000000000000000000e+00 2.920000000000000000e+02 1.300000000000000000e+01 1.400000000000000000e+01 5.423000000000000000e+03 1.120000000000000000e+02 1.860000000000000000e+02 7.100000000000000000e+01
9.052000000000000000e+04 5.000000000000000000e+00 8.000000000000000000e+00 3.020000000000000000e+02 1.600000000000000000e+01 2.300000000000000000e+01 4.065000000000000000e+03 1.010000000000000000e+02 1.790000000000000000e+02 7.200000000000000000e+01
2.686000000000000000e+04 3.500000000000000000e+00 6.000000000000000000e+00 2.320000000000000000e+02 1.900000000000000000e+01 2.700000000000000000e+01 3.548000000000000000e+03 1.130000000000000000e+02 2.080000000000000000e+02 7.400000000000000000e+01
1.909000000000000000e+04 2.399999999999999911e+00 4.000000000000000000e+00 1.500000000000000000e+02 2.200000000000000000e+01 3.000000000000000000e+01 3.173000000000000000e+03 1.080000000000000000e+02 1.910000000000000000e+02 7.100000000000000000e+01
1.258500000000000000e+04 1.600000000000000089e+00 4.000000000000000000e+00 1.030000000000000000e+02 2.800000000000000000e+01 3.400000000000000000e+01 2.348000000000000000e+03 9.800000000000000000e+01 1.530000000000000000e+02 6.600000000000000000e+01
2.037000000000000000e+04 3.500000000000000000e+00 6.000000000000000000e+00 2.000000000000000000e+02 2.200000000000000000e+01 3.000000000000000000e+01 3.297000000000000000e+03 1.060000000000000000e+02 1.880000000000000000e+02 7.000000000000000000e+01
1.994500000000000000e+04 2.500000000000000000e+00 4.000000000000000000e+00 1.650000000000000000e+02 2.200000000000000000e+01 2.800000000000000000e+01 2.965000000000000000e+03 9.900000000000000000e+01 1.740000000000000000e+02 6.900000000000000000e+01
5.254500000000000000e+04 4.500000000000000000e+00 8.000000000000000000e+00 3.400000000000000000e+02 1.700000000000000000e+01 2.300000000000000000e+01 3.977000000000000000e+03 1.130000000000000000e+02 2.000000000000000000e+02 7.300000000000000000e+01
1.635000000000000000e+04 2.200000000000000178e+00 4.000000000000000000e+00 1.400000000000000000e+02 2.600000000000000000e+01 3.500000000000000000e+01 2.751000000000000000e+03 1.030000000000000000e+02 1.850000000000000000e+02 6.800000000000000000e+01
5.617000000000000000e+04 3.200000000000000178e+00 6.000000000000000000e+00 3.490000000000000000e+02 1.700000000000000000e+01 2.200000000000000000e+01 3.220000000000000000e+03 9.500000000000000000e+01 1.580000000000000000e+02 6.800000000000000000e+01
2.105500000000000000e+04 1.800000000000000044e+00 4.000000000000000000e+00 1.500000000000000000e+02 2.400000000000000000e+01 3.100000000000000000e+01 2.820000000000000000e+03 9.900000000000000000e+01 1.610000000000000000e+02 6.800000000000000000e+01
2.200000000000000000e+04 2.399999999999999911e+00 4.000000000000000000e+00 1.500000000000000000e+02 2.200000000000000000e+01 2.900000000000000000e+01 3.105000000000000000e+03 1.030000000000000000e+02 1.690000000000000000e+02 6.700000000000000000e+01
2.509200000000000000e+04 3.000000000000000000e+00 6.000000000000000000e+00 2.100000000000000000e+02 2.100000000000000000e+01 2.800000000000000000e+01 3.241000000000000000e+03 1.010000000000000000e+02 1.770000000000000000e+02 6.900000000000000000e+01
3.389500000000000000e+04 2.500000000000000000e+00 6.000000000000000000e+00 1.840000000000000000e+02 2.000000000000000000e+01 2.800000000000000000e+01 2.932000000000000000e+03 9.800000000000000000e+01 1.610000000000000000e+02 7.000000000000000000e+01
1.585000000000000000e+04 1.699999999999999956e+00 4.000000000000000000e+00 1.150000000000000000e+02 3.200000000000000000e+01 3.800000000000000000e+01 2.513000000000000000e+03 1.030000000000000000e+02 1.750000000000000000e+02 6.800000000000000000e+01
2.159500000000000000e+04 3.399999999999999911e+00 6.000000000000000000e+00 1.850000000000000000e+02 1.900000000000000000e+01 2.600000000000000000e+01 3.779000000000000000e+03 1.080000000000000000e+02 1.820000000000000000e+02 7.400000000000000000e+01
1.871500000000000000e+04 2.000000000000000000e+00 4.000000000000000000e+00 1.150000000000000000e+02 2.400000000000000000e+01 3.100000000000000000e+01 2.897000000000000000e+03 9.900000000000000000e+01 1.650000000000000000e+02 6.800000000000000000e+01
4.336500000000000000e+04 2.700000000000000178e+00 6.000000000000000000e+00 2.280000000000000000e+02 2.000000000000000000e+01 2.900000000000000000e+01 2.811000000000000000e+03 9.500000000000000000e+01 1.700000000000000000e+02 7.000000000000000000e+01
3.249500000000000000e+04 3.000000000000000000e+00 6.000000000000000000e+00 2.320000000000000000e+02 2.000000000000000000e+01 2.600000000000000000e+01 3.681000000000000000e+03 1.150000000000000000e+02 1.940000000000000000e+02 7.300000000000000000e+01
2.158900000000000000e+04 2.700000000000000178e+00 6.000000000000000000e+00 1.730000000000000000e+02 2.000000000000000000e+01 2.600000000000000000e+01 3.549000000000000000e+03 1.030000000000000000e+02 1.770000000000000000e+02 7.300000000000000000e+01
2.478000000000000000e+04 3.500000000000000000e+00 6.000000000000000000e+00 2.400000000000000000e+02 1.900000000000000000e+01 2.600000000000000000e+01 4.012000000000000000e+03 1.240000000000000000e+02 2.040000000000000000e+02 7.800000000000000000e+01
2.592000000000000000e+04 3.000000000000000000e+00 6.000000000000000000e+00 2.100000000000000000e+02 2.100000000000000000e+01 2.900000000000000000e+01 3.362000000000000000e+03 1.070000000000000000e+02 1.890000000000000000e+02 7.100000000000000000e+01
6.480000000000000000e+04 4.700000000000000178e+00 8.000000000000000000e+00 2.350000000000000000e+02 1.300000000000000000e+01 1.700000000000000000e+01 5.590000000000000000e+03 1.120000000000000000e+02 1.930000000000000000e+02 7.600000000000000000e+01
3.838000000000000000e+04 3.799999999999999822e+00 6.000000000000000000e+00 2.150000000000000000e+02 1.800000000000000000e+01 2.500000000000000000e+01 4.331000000000000000e+03 1.190000000000000000e+02 2.010000000000000000e+02 7.900000000000000000e+01
2.771000000000000000e+04 4.000000000000000000e+00 6.000000000000000000e+00 2.450000000000000000e+02 1.800000000000000000e+01 2.100000000000000000e+01 4.035000000000000000e+03 1.100000000000000000e+02 1.890000000000000000e+02 7.400000000000000000e+01
7.620000000000000000e+04 4.599999999999999645e+00 8.000000000000000000e+00 3.200000000000000000e+02 1.700000000000000000e+01 2.500000000000000000e+01 3.647000000000000000e+03 1.060000000000000000e+02 1.780000000000000000e+02 7.200000000000000000e+01
2.184000000000000000e+04 2.700000000000000178e+00 6.000000000000000000e+00 2.000000000000000000e+02 2.100000000000000000e+01 2.800000000000000000e+01 3.222000000000000000e+03 1.080000000000000000e+02 1.910000000000000000e+02 7.100000000000000000e+01
2.182500000000000000e+04 3.399999999999999911e+00 6.000000000000000000e+00 1.800000000000000000e+02 2.100000000000000000e+01 3.200000000000000000e+01 3.340000000000000000e+03 1.110000000000000000e+02 1.980000000000000000e+02 7.300000000000000000e+01
3.086000000000000000e+04 2.000000000000000000e+00 4.000000000000000000e+00 2.100000000000000000e+02 2.000000000000000000e+01 2.800000000000000000e+01 3.175000000000000000e+03 1.050000000000000000e+02 1.830000000000000000e+02 6.900000000000000000e+01
4.249000000000000000e+04 3.000000000000000000e+00 6.000000000000000000e+00 2.200000000000000000e+02 2.000000000000000000e+01 2.700000000000000000e+01 3.814000000000000000e+03 1.050000000000000000e+02 1.800000000000000000e+02 7.000000000000000000e+01
3.137000000000000000e+04 3.399999999999999911e+00 6.000000000000000000e+00 1.850000000000000000e+02 1.800000000000000000e+01 2.400000000000000000e+01 4.431000000000000000e+03 1.210000000000000000e+02 2.010000000000000000e+02 7.200000000000000000e+01
4.375500000000000000e+04 3.500000000000000000e+00 6.000000000000000000e+00 2.250000000000000000e+02 1.800000000000000000e+01 2.400000000000000000e+01 3.880000000000000000e+03 1.150000000000000000e+02 1.970000000000000000e+02 7.200000000000000000e+01
3.348000000000000000e+04 2.600000000000000089e+00 6.000000000000000000e+00 1.680000000000000000e+02 1.900000000000000000e+01 2.500000000000000000e+01 3.360000000000000000e+03 1.070000000000000000e+02 1.780000000000000000e+02 6.800000000000000000e+01
1.913500000000000000e+04 2.000000000000000000e+00 4.000000000000000000e+00 1.700000000000000000e+02 2.100000000000000000e+01 2.800000000000000000e+01 2.750000000000000000e+03 1.030000000000000000e+02 1.680000000000000000e+02 6.700000000000000000e+01
1.899500000000000000e+04 2.200000000000000178e+00 4.000000000000000000e+00 1.450000000000000000e+02 2.400000000000000000e+01 3.400000000000000000e+01 3.174000000000000000e+03 1.060000000000000000e+02 1.880000000000000000e+02 7.000000000000000000e+01
2.229000000000000000e+04 3.000000000000000000e+00 6.000000000000000000e+00 1.550000000000000000e+02 1.900000000000000000e+01 2.600000000000000000e+01 3.497000000000000000e+03 1.090000000000000000e+02 1.980000000000000000e+02 7.300000000000000000e+01
8.460000000000000000e+04 4.200000000000000178e+00 8.000000000000000000e+00 4.500000000000000000e+02 1.500000000000000000e+01 2.200000000000000000e+01 4.024000000000000000e+03 1.090000000000000000e+02 1.910000000000000000e+02 7.800000000000000000e+01
6.999500000000000000e+04 4.200000000000000178e+00 8.000000000000000000e+00 2.940000000000000000e+02 1.800000000000000000e+01 2.600000000000000000e+01 3.779000000000000000e+03 1.020000000000000000e+02 1.870000000000000000e+02 7.100000000000000000e+01
1.028000000000000000e+04 1.600000000000000089e+00 4.000000000000000000e+00 1.040000000000000000e+02 2.600000000000000000e+01 3.300000000000000000e+01 2.403000000000000000e+03 9.500000000000000000e+01 1.670000000000000000e+02 6.600000000000000000e+01
3.311200000000000000e+04 3.799999999999999822e+00 6.000000000000000000e+00 2.150000000000000000e+02 1.500000000000000000e+01 1.900000000000000000e+01 4.718000000000000000e+03 1.100000000000000000e+02 1.900000000000000000e+02 7.500000000000000000e+01
3.244500000000000000e+04 3.500000000000000000e+00 6.000000000000000000e+00 2.600000000000000000e+02 1.800000000000000000e+01 2.600000000000000000e+01 3.677000000000000000e+03 1.120000000000000000e+02 1.870000000000000000e+02 6.900000000000000000e+01
3.154500000000000000e+04 2.500000000000000000e+00 4.000000000000000000e+00 3.000000000000000000e+02 1.800000000000000000e+01 2.400000000000000000e+01 3.263000000000000000e+03 1.000000000000000000e+02 1.740000000000000000e+02 6.900000000000000000e+01
4.284000000000000000e+04 2.700000000000000178e+00 6.000000000000000000e+00 2.500000000000000000e+02 1.800000000000000000e+01 2.500000000000000000e+01 3.836000000000000000e+03 1.090000000000000000e+02 1.920000000000000000e+02 7.100000000000000000e+01
3.694500000000000000e+04 3.500000000000000000e+00 6.000000000000000000e+00 2.650000000000000000e+02 1.700000000000000000e+01 2.300000000000000000e+01 4.451000000000000000e+03 1.060000000000000000e+02 1.890000000000000000e+02 7.700000000000000000e+01
1.747500000000000000e+04 2.000000000000000000e+00 4.000000000000000000e+00 1.300000000000000000e+02 2.600000000000000000e+01 3.300000000000000000e+01 2.702000000000000000e+03 1.030000000000000000e+02 1.780000000000000000e+02 6.700000000000000000e+01
2.238800000000000000e+04 1.800000000000000044e+00 4.000000000000000000e+00 1.420000000000000000e+02 2.300000000000000000e+01 2.800000000000000000e+01 2.387000000000000000e+03 8.900000000000000000e+01 1.560000000000000000e+02 6.600000000000000000e+01
4.291500000000000000e+04 4.599999999999999645e+00 8.000000000000000000e+00 3.020000000000000000e+02 1.300000000000000000e+01 1.800000000000000000e+01 4.834000000000000000e+03 1.140000000000000000e+02 1.930000000000000000e+02 7.600000000000000000e+01
3.024500000000000000e+04 2.500000000000000000e+00 6.000000000000000000e+00 1.840000000000000000e+02 1.900000000000000000e+01 2.700000000000000000e+01 3.461000000000000000e+03 1.070000000000000000e+02 1.760000000000000000e+02 6.900000000000000000e+01
2.564500000000000000e+04 2.500000000000000000e+00 4.000000000000000000e+00 1.650000000000000000e+02 2.100000000000000000e+01 2.800000000000000000e+01 3.395000000000000000e+03 1.040000000000000000e+02 1.840000000000000000e+02 6.900000000000000000e+01
3.699500000000000000e+04 3.000000000000000000e+00 6.000000000000000000e+00 2.250000000000000000e+02 2.000000000000000000e+01 3.000000000000000000e+01 3.285000000000000000e+03 1.070000000000000000e+02 1.760000000000000000e+02 6.900000000000000000e+01
2.389500000000000000e+04 2.500000000000000000e+00 4.000000000000000000e+00 1.650000000000000000e+02 2.100000000000000000e+01 2.800000000000000000e+01 3.430000000000000000e+03 1.040000000000000000e+02 1.870000000000000000e+02 6.900000000000000000e+01
2.500000000000000000e+04 3.799999999999999822e+00 6.000000000000000000e+00 2.000000000000000000e+02 2.000000000000000000e+01 3.000000000000000000e+01 3.476000000000000000e+03 1.110000000000000000e+02 2.000000000000000000e+02 7.300000000000000000e+01
3.266000000000000000e+04 3.799999999999999822e+00 6.000000000000000000e+00 2.150000000000000000e+02 1.800000000000000000e+01 2.500000000000000000e+01 4.440000000000000000e+03 1.190000000000000000e+02 2.010000000000000000e+02 7.900000000000000000e+01
2.051000000000000000e+04 1.500000000000000000e+00 4.000000000000000000e+00 1.100000000000000000e+02 5.900000000000000000e+01 5.100000000000000000e+01 2.890000000000000000e+03 1.060000000000000000e+02 1.750000000000000000e+02 6.800000000000000000e+01
2.552000000000000000e+04 4.000000000000000000e+00 6.000000000000000000e+00 1.900000000000000000e+02 1.600000000000000000e+01 1.900000000000000000e+01 3.575000000000000000e+03 9.300000000000000000e+01 1.500000000000000000e+02 6.700000000000000000e+01
5.575000000000000000e+04 4.299999999999999822e+00 8.000000000000000000e+00 2.900000000000000000e+02 1.800000000000000000e+01 2.500000000000000000e+01 3.990000000000000000e+03 1.150000000000000000e+02 1.970000000000000000e+02 7.200000000000000000e+01
2.959500000000000000e+04 4.599999999999999645e+00 8.000000000000000000e+00 2.240000000000000000e+02 1.700000000000000000e+01 2.500000000000000000e+01 4.052000000000000000e+03 1.150000000000000000e+02 2.120000000000000000e+02 7.800000000000000000e+01
2.880000000000000000e+04 3.299999999999999822e+00 6.000000000000000000e+00 2.300000000000000000e+02 1.900000000000000000e+01 2.700000000000000000e+01 4.165000000000000000e+03 1.190000000000000000e+02 2.000000000000000000e+02 7.700000000000000000e+01
1.604000000000000000e+04 2.399999999999999911e+00 4.000000000000000000e+00 1.380000000000000000e+02 2.300000000000000000e+01 3.000000000000000000e+01 3.281000000000000000e+03 1.060000000000000000e+02 1.860000000000000000e+02 7.200000000000000000e+01
4.610000000000000000e+04 3.500000000000000000e+00 6.000000000000000000e+00 2.250000000000000000e+02 1.800000000000000000e+01 2.400000000000000000e+01 3.893000000000000000e+03 1.150000000000000000e+02 1.970000000000000000e+02 7.200000000000000000e+01
2.159500000000000000e+04 3.000000000000000000e+00 6.000000000000000000e+00 1.550000000000000000e+02 2.000000000000000000e+01 2.700000000000000000e+01 3.308000000000000000e+03 1.090000000000000000e+02 2.000000000000000000e+02 7.300000000000000000e+01
2.595500000000000000e+04 2.399999999999999911e+00 4.000000000000000000e+00 2.200000000000000000e+02 2.100000000000000000e+01 2.700000000000000000e+01 3.217000000000000000e+03 1.030000000000000000e+02 1.690000000000000000e+02 6.700000000000000000e+01
8.416500000000000000e+04 3.600000000000000089e+00 6.000000000000000000e+00 3.150000000000000000e+02 1.700000000000000000e+01 2.400000000000000000e+01 3.240000000000000000e+03 9.300000000000000000e+01 1.750000000000000000e+02 7.200000000000000000e+01
3.245500000000000000e+04 3.000000000000000000e+00 6.000000000000000000e+00 2.150000000000000000e+02 1.800000000000000000e+01 2.400000000000000000e+01 3.410000000000000000e+03 1.050000000000000000e+02 1.770000000000000000e+02 6.800000000000000000e+01
2.422500000000000000e+04 3.799999999999999822e+00 6.000000000000000000e+00 2.000000000000000000e+02 1.800000000000000000e+01 2.800000000000000000e+01 3.434000000000000000e+03 1.110000000000000000e+02 1.980000000000000000e+02 7.300000000000000000e+01
