23.48239371
21.32304208
14.60841328
26.19148714
17.53345302
17.20571615
14.30561966
19.56147056
19.58915156
18.70913358
16.64165045
13.35779598
32.04994629
26.00336185
18.5640335
19.54048268
21.43560458
19.95145058
17.71856096
23.73613908
15.44673283
27.82895278
12.94708212
18.70666268
23.49036877
20.47166156
13.98778082
23.68734088
20.65297965
16.74131664
21.61484035
23.02462963
28.73775873
19.62486983
18.82317564
17.98077762
12.29200395
22.08552267
11.7823553
18.92064995
18.89987177
23.38057901
8.915274249
23.67229963
17.92298262
14.82795134
19.96512763
20.93341072
18.3032172
14.1222053
24.82568126
20.78936889
17.17249788
24.86546904
21.46868168
14.92993775
22.48420028
12.81818161
15.76864209
20.60617793
21.64505627
20.28199114
12.26789359
23.27488806
25.04702844
24.66937146
17.71868002
18.42440971
15.93026393
21.00082349
21.00849924
16.91408438
23.67818183
23.40863019
22.62850476
16.98614264
14.6459927
22.60890034
25.7888667
14.8394961
11.1672432
25.74443247
19.75331119
24.71122582
23.94205367
15.12568642
18.27248684
16.66023482
20.71872041
24.6652097
20.22394377
11.59983262
24.94118836
20.01068611
18.16185283
11.58729363
21.49568674
20.98072203
21.35431679
15.68773935
17.07935067
16.33469092
27.1502127
16.71838588
19.21315465
16.43942503
23.64299445
19.950939
20.29125793
23.75766523
22.70094935
23.1438741
11.46903723
20.87971855
23.86514215
21.39997643
23.60726113
28.48475367
24.99434666
15.50725681
16.67965971
19.51288504
17.42963577
19.68420013
24.91245108
17.87453666
18.8555808
19.08957738
22.69809267
24.14736
19.40214991
18.73167462
23.73437869
22.89313636
21.95273925
33.06479491
20.12680303
21.36509974
19.66587604
22.46568436
17.90000322
24.03082696
27.31640895
20.34115227
19.7267011
17.74613837
18.10570377
13.18586192
19.78511981
16.47462374
25.02356573
20.6233662
20.21973072
25.59420977
12.89740649
21.31861625
15.76838892
17.42652336
21.03376316
23.56677722
16.65351036
22.21259298
25.83363728
16.57967128
16.03150953
19.95320233
22.50764294
20.00599687
16.73469305
20.46059014
20.82827466
18.22175276
15.51804103
21.74143185
20.06835454
18.54805748
17.4750501
17.99870006
16.53122731
15.83962737
25.06172589
19.03416857
13.08387433
18.04703647
24.2415373
17.84738411
27.1093507
16.88192483
16.98811231
15.86746651
24.65535407
17.67957575
21.66920955
13.40749992
17.70929818
22.63692817
14.87839361
20.2004962
22.19361175
27.11378685
22.5643487
23.78681351
18.58298002
17.6847313
20.22589327
16.42670923
24.48831148
23.10331507
23.84998248
25.04313623
19.56832594
17.69136981
22.10253041
24.60783878
23.43351545
23.7823048
26.02452173
21.18135178
24.81638774
19.95261678
23.15800141
14.38567118
26.16842421
12.90037287
20.82262615
18.61516036
15.36406862
21.34330534
21.32897224
25.64483744
20.5474517
22.31051254
20.97235194
25.8706845
24.52221599
20.04261264
20.49733477
27.11772455
19.04211092
23.43196989
16.48658087
16.95221592
23.45113081
22.59322058
24.23236908
17.46723445
24.07195767
20.6877027
19.81010365
26.75658188
25.74817797
10.99568679
21.42595652
16.59903382
18.80179584
17.46300563
26.49790945
24.96428053
22.22112217
22.81367046
21.83265336
22.73593596
21.00515832
19.28598442
22.03090332
18.76040353
18.42251902
18.92104583
19.64747931
20.0321171
30.12718246
15.10702777
15.71299757
20.98423458
19.79755409
17.0793975
21.3079485
23.01196365
15.38511381
18.3685318
14.84837428
20.33431075
20.6551972
22.73029885
15.65452954
21.18996951
19.42676698
25.56781464
21.22698949
17.85126319
19.08427103
17.85511839
25.75608509
17.95560125
13.57265821
19.19502791
24.57401364
22.65316432
20.65633746
27.14162204
17.64915409
21.03614523
16.51266594
16.84833387
18.62264104
22.59046836
28.21650698
23.19576699
15.71569016
19.17937804
17.78222758
18.82822761
24.72092792
21.50958026
23.96629743
22.41380754
16.82845551
23.72327221
14.59844666
23.19915791
22.39854969
24.40171551
14.32103271
19.18545563
20.07165227
20.40140576
23.50542642
22.80277683
22.60806308
20.71412156
26.7040416
18.69961024
20.40459134
17.69323108
19.75388756
22.90235105
15.09063268
20.76372238
17.06072649
23.15353808
12.13847106
12.17790314
26.49717411
19.40231975
12.12692755
13.25544999
19.65231325
21.22954436
21.35018245
24.26796704
21.33176608
19.70606539
24.19102733
28.23545155
20.1067734
19.03790285
24.15390074
17.97109883
14.06768119
19.57404835
20.98105575
20.58317213
15.52765834
17.61223543
17.28204739
23.8202178
19.47679783
22.59761671
22.39406015
19.22999778
12.07680426
21.45175308
22.8157984
16.98961222
19.93233012
18.23334327
26.8053392
19.87772312
20.81567102
15.80875909
17.05851856
14.57374961
22.91434231
22.42874742
16.68685846
31.55057715
23.67654164
21.62315615
27.66473557
10.17724969
19.63574636
19.90127981
20.79974418
15.84674135
22.11746734
11.13152481
20.42966554
21.75563765
19.83602637
21.45723671
16.94520951
22.19809621
18.50144952
13.36336423
18.7590856
17.52022787
15.90163526
22.01999404
20.16189245
18.98107908
17.80905633
26.7063758
24.69201151
19.24375474
20.34629057
26.05024041
27.17308288
24.41048218
18.69661018
17.66874032
23.00634895
16.54506273
15.71649768
18.57905281
23.82351829
20.63712661
20.97976723
24.49899871
20.93851167
15.44575008
23.36837455
21.90536734
19.64644124
18.34785748
17.82166677
19.90397326
16.79794537
17.95123854
14.05329851
17.92543244
17.2270838
22.31060711
25.81986785
24.1419394
24.18729394
22.70484218
22.18637844
22.9999547
17.0806441
23.33280978
15.20579823
22.4750939
16.67034945
16.11802076
18.18595682
14.78916998
20.06389919
24.44263671
19.00250443
21.98280653
20.64814997
24.84728394
19.36673767
21.17188414
29.87085759
24.58493507
16.26462754
24.47916822
16.30309305
20.03962784
21.15746742
23.48001218
18.41095284
22.15143111
27.07894676
12.37806002
15.69300751
24.77976358
18.82420617
19.84728876
23.69573827
28.89224458
14.79241837
16.36403664
19.68999932
20.00204179
20.42742177
18.75014186
24.87858673
16.36175443
20.81590654
23.95898979
21.50079831
17.51149516
20.48221997
18.73041583
17.60126459
25.41261565
19.20932938
17.68799216
16.97612198
20.48479572
14.01663447
13.41536444
20.77158998
14.84092167
18.40060416
23.10161218
23.68859993
26.17814339
15.96175095
23.42682551
21.30114616
25.00975503
20.88063434
23.26078673
24.55768879
18.35315618
18.15573961
14.68380554
19.64999927
21.42178394
17.02744509
20.28812274
18.57438656
18.27323287
23.11731272
23.26529831
24.5932161
15.66016025
19.45551091
22.62036691
14.8261558
27.70695995
20.93300699
17.8199106
24.13124999
21.50854622
20.43702134
17.27924682
12.93843049
16.14572911
17.41746945
21.81011111
22.45799289
16.85879738
23.31270477
22.66966803
19.49799647
16.19508452
23.56815999
19.48111368
15.94605947
21.00914807
22.09434131
14.15348146
27.46562239
11.40379188
13.45905336
24.89607651
21.30069605
18.28434782
20.04638436
22.92527389
16.52790895
23.71263832
22.78926705
19.81939863
20.76484456
17.48494817
16.57354717
18.44514904
24.1140338
19.04111871
18.19350893
16.08293112
15.46621086
20.08848357
24.16095798
24.92593635
22.24071769
18.76384532
18.52958366
21.46253346
23.7497548
23.89697481
11.52430406
19.81414103
16.13287638
18.1150039
26.94090975
16.88987947
13.26481036
20.70810841
19.50208984
18.33778058
23.51783305
22.26451242
21.50366797
18.89218469
21.4003941
18.83477137
20.74431225
22.3063978
21.35862907
17.3086916
17.85194526
15.83936899
23.9891373
19.89578421
17.37200322
22.71098247
17.95666347
21.78401851
26.06653844
23.75102511
19.35934928
19.54464752
27.74850466
19.31680478
21.20467414
21.30395474
23.69934666
20.86116492
21.46499722
21.28860363
30.756014
23.50427546
16.49403995
15.13021202
13.54064117
27.36032197
16.72429697
23.9685423
22.13527115
13.89309153
28.09143674
22.2091838
27.28056963
21.37057795
20.71824594
15.92272697
20.15039786
20.54849321
13.91579095
19.92432619
20.65298671
17.11539729
21.64241344
15.14947563
17.70502123
20.42156877
17.57961579
21.68717849
18.54876423
16.5035393
23.72637557
22.40016824
22.28544275
22.74044077
24.03768216
23.96348287
20.13476213
18.19891988
19.55737489
24.95143495
15.20855959
17.7424243
24.17323444
23.3840069
18.01785521
19.17272915
19.37681535
18.8984077
10.22700349
18.29070863
21.23624155
29.80630086
14.14948798
17.45783378
18.4581086
16.2308898
17.30490759
12.30302433
19.55032947
17.92596217
22.13993002
20.22963156
24.26326863
26.48294644
20.48741478
15.04783648
20.97650232
25.59303297
19.61810667
21.55049098
16.13474168
26.03674509
21.61532296
18.31143493
13.30390346
17.24947939
15.89125834
18.02976999
21.38723326
23.3174099
20.62253026
20.33485546
21.49846721
30.61280868
21.33085587
20.56308331
26.31134003
20.35819096
17.30806506
23.72757383
18.56843842
20.80840661
23.50500146
23.23179333
13.58666431
10.55179251
17.19319957
26.6076131
20.94029138
19.39298888
19.37644556
24.15265885
21.32193516
21.90322651
11.63799274
19.30386073
20.07675269
16.55989063
19.90820223
17.59073095
23.47960715
17.71675017
25.21871801
19.82942309
23.58212308
29.13942414
20.26730953
25.97835778
15.71014302
27.29337853
15.16628339
19.73843362
18.69265469
15.4033972
14.76783317
22.58553185
14.44318582
14.6372696
24.51548809
20.00678452
21.51873557
16.39467349
19.21282263
21.22776604
20.66982671
27.15231517
17.50367021
19.40015632
23.3288602
23.79236442
12.1050497
18.43248538
17.2931551
19.93591605
22.06069915
21.77931861
24.56359326
21.79072404
21.26176098
23.78236613
21.71465243
14.70157229
20.43928608
13.38111255
24.44268868
11.56855303
17.80065226
20.37704298
19.8471208
27.53170941
20.22184274
17.54443943
22.34806644
15.17316437
22.18132214
21.00372154
18.42901013
17.51183229
15.23809318
12.4861334
18.30396636
23.10896774
17.144296
26.33855868
16.44675471
28.56331815
17.23128752
20.39718939
25.73991374
24.93360468
16.96942185
22.95431257
15.54255506
13.17652366
22.6446494
13.08143194
11.44770595
19.75980934
25.54276283
24.87126342
14.01979669
20.1491324
23.21148349
23.89541435
26.24293542
26.34499817
23.42519111
14.30206793
20.15880935
14.48035352
24.93228361
26.96830553
11.99401964
23.34198797
18.6287267
18.08815159
16.44359435
25.05371647
21.53280466
19.52453056
21.66898866
24.05288725
16.52193004
16.82127809
22.75400913
26.3426917
25.0007154
19.53758597
14.67292107
10.62877769
16.29374666
24.51827006
17.80348988
21.13492681
20.85111727
11.18894709
25.00429203
28.09882007
19.84441314
23.99433451
16.97066522
22.38458057
28.49286813
25.24690144
17.20023395
15.92154686
20.21245915
19.05192333
19.74905607
25.08443638
20.88455348
26.65609289
19.8281605
19.46705822
23.17279933
21.70509018
19.16039257
13.64736369
15.53447734
22.46742017
22.17385701
14.1284161
20.47963333
22.11742198
15.29902275
16.00713901
24.77616912
12.98521015
21.78611741
23.91223979
12.83497085
19.47924398
15.29905065
20.35984833
18.31133642
13.39626566
22.47187462
22.38464112
17.52625067
22.11150152
14.62272747
15.0609387
15.38624042
19.56268783
17.90322097
27.64519378
19.71557587
22.24734146
22.29628682
21.48693423
20.76677551
24.97634071
15.34336081
26.54107877
22.74531872
15.4020535
24.4406292
24.73025507
26.82931237
18.31873833
26.55751092
21.05387405
14.14606773
16.89531607
23.71795204
27.17183096
15.26739295
19.55529656
17.37293677
27.51893656
16.41567649
25.32602288
17.50170748
23.10671553
14.70298521
26.00110661
11.18838856
21.29005881
21.68401779
16.71719545
16.13416499
22.4373928
15.85515437
19.88704993
8.720932823
11.6758018
19.82098749
24.47181998
13.40198565
22.71466886
21.97729299
17.64612569
19.90430136
28.76525204
14.39767594
21.92039796
20.83020271
21.28833908
19.97647807
21.12555633
18.99464302
13.22616215
17.66393526
20.93777092
21.03514488
22.41462567
28.88386142
13.38347748
22.72164198
20.54331723
19.84805019
17.22745107
19.48989994
22.72144738
21.70485839
13.5773221
23.62484301
20.99805657
27.57691285
15.55048536
17.11183291
12.99125283
20.01444925
23.98057716
18.08412258
17.92359455
18.82136104
19.35780036
24.09406421
20.06357895
18.06937173
22.53869806
14.54224781
22.3944992
19.17400754
28.55746536
17.4047449
21.69436897
20.47146139
15.67688609
23.50210676
11.09487338
12.21555478
14.76162135
25.22249241
23.93587813
14.99445457
19.28098484
17.02637421
20.93296769
28.40537922
16.49333475
27.79515419
18.13891126
17.3923312
22.43852235
22.83649606
21.11918418
14.13017579
17.23473076
16.52804618
17.94996905
16.87165404
21.70315664
24.04616198
18.99733053
22.21694426
23.03552318
20.53537064
18.90975401
17.82948939
15.34758179
18.90593042
20.6380155
19.25316751
20.87161659
20.1849532
22.68129987
17.47799623
19.52635937
20.96825834
18.4956615
21.12177763
12.90219143
21.83431126
21.84729156
19.99525005
18.58824498
18.26803498
13.18090358
24.38286695
22.54308846
15.65126273
14.09093828
18.45900234
22.72334663
23.33059739
22.13839295
23.07209828
27.01955068
13.18275024
21.8780329
19.78278462
17.00450007
22.86705617
19.97794839
24.80045728
15.86393144
16.60972898
21.73368815
16.44990408
20.48493048
18.39238044
24.38671329
21.74669859
18.37198124
17.44523933
18.3804752
29.57544983
19.80150795
19.18969637
19.2098638
26.06526411
13.07116756
24.44989005
17.12287589
18.90653769
22.70961768
16.25419671
21.7028674
19.70182759
14.40477085
20.76922442
22.32155886
22.55143706
17.7360735
19.93544949
22.48929026
22.13374545
18.44263698
14.91332885
21.09040425
21.26987386
25.9934731
13.78479684
18.58283351
21.73691049
19.59408792
28.11507194
18.53115249
10.54490061
22.91943338
14.40391696
25.25954815
21.6153015
18.62333509
16.07974297
27.42938168
21.23815381
18.0435891
17.22046681
19.27842959
25.02513338
27.64297448
20.10877184
21.70851774
21.29345934
13.40412786
20.56135195
18.00782905
18.2889079
19.39650263
8.436759768
17.06183176
23.02486087
20.48317137
17.93637741
18.63656632
15.68003139
17.21044435
17.66801315
19.25549835
22.35184247
19.91583441
19.68095477
16.65794086
23.91448031
20.94191165
22.26419097
20.87716101
23.23084405
26.05010696
18.27346631
22.17024232
22.71719957
19.96493236
27.64776527
16.08553658
18.05548319
20.31159181
20.10480401
19.1088645
18.081178
23.29834926
19.75838669
16.77294468
26.85135121
23.6486334
25.95536683
19.8930078
27.66329694
23.67870843
12.76760525
14.9387686
22.33452246
19.53524817
19.42475093
24.29907823
26.80875613
21.56494135
20.50932629
29.00372409
19.95728828
18.19780327
17.61980168
17.05732167
20.32678025
16.55657215
12.56635807
14.86045244
21.74480866
24.36513121
24.81040877
29.25145453
15.66408261
25.45813694
20.32672089
18.1288711
18.2944813
23.55849854
22.59900009
12.7752856
24.09878559
23.30092905
19.05467094
16.07493653
16.92164707
15.0555085
19.79914117
18.44534399
18.75221956
20.8854588
18.81070006
13.2112211
17.60516284
17.90661275
13.13668462
23.54271142
11.33341851
21.68850752
18.82076361
18.54299469
22.59062404
18.78587117
19.09264827
16.51367666
24.503038
23.96647516
22.74574902
22.12501717
22.90574817
22.77701546
21.57640248
22.52649654
17.16358644
20.11738664
22.20150763
17.09806948
20.00305749
19.24995475
24.96569695
21.88995317
24.37788964
22.49068036
24.03693524
19.62201106
20.46061123
17.48737204
21.55028986
32.29709143
20.39034545
19.81762144
23.43302271
13.745525
24.51291342
16.60971318
22.27002865
21.10638768
19.73189903
17.13088707
21.66924688
24.49823963
22.73057296
25.58436662
14.4456434
20.07704992
14.59858608
20.458542
22.16652702
16.92933655
25.13130032
18.10057449
22.49372419
18.60921053
16.96670352
17.05133951
14.19585695
26.08301495
10.21105107
14.83981437
12.06170484
14.62821274
8.832645291
22.40874536
20.16177082
15.87632931
14.79609766
14.72808387
18.88617824
11.91162804
21.62691937
19.64069579
18.63095032
22.60890308
21.38297951
18.62125724
20.12314378
19.46660858
17.49585061
24.44575893
24.80866504
20.28952743
15.89300971
15.30811805
21.00401687
18.94151116
16.7472369
20.52806713
15.26139322
21.36168222
13.63162633
10.18494666
19.16751769
16.07228046
26.12447647
25.4906788
17.55152837
16.13305191
19.1344184
18.73567015
25.54126971
18.6068187
24.82204392
24.94897393
30.07889416
18.48219946
18.09892584
26.70290139
17.04652399
12.73798812
20.34691327
22.00103002
18.54807668
18.59723181
14.54836028
26.89121572
20.80548861
17.80925283
21.60724946
23.33758004
15.80681315
20.90105284
18.07052108
26.6028614
20.635703
15.50125848
19.55574609
21.79620392
28.4023335
20.15826987
22.28629032
24.80290461
22.03508789
16.52095316
19.35574178
17.36870021
22.82700734
26.16126864
19.91223341
24.21904697
17.21296871
20.63720556
19.29411946
26.52103684
21.17585569
23.07085266
18.63525357
17.46638944
21.5788119
16.72624561
14.55308127
18.79153042
26.39669792
18.43071558
20.88331376
17.62511255
11.79842831
20.00170837
26.77463959
18.67388679
15.39942175
16.0373111
21.45675949
18.31867482
23.93448674
18.89693929
11.65790446
18.24211494
22.84769789
24.10590445
25.1397383
24.00288124
24.29356539
27.57613
26.13772952
20.70235429
18.09552892
18.8810056
22.81052142
24.83269934
19.00976278
26.05068195
17.10021147
18.13867548
18.45219649
17.35219842
23.47960515
19.25165639
27.40614904
19.97548589
27.46512102
10.28012629
21.44726705
21.13393392
27.74075585
21.04689599
27.11664621
27.5709434
17.51873691
15.2373734
23.43277605
16.73969203
19.37138722
17.71508487
20.40324263
22.38569968
22.84881503
20.54256533
16.2123654
16.61228915
21.16921103
11.26279605
15.30222127
13.73692483
18.68821296
21.94088526
29.45900093
19.98349201
15.72944694
18.18580475
21.83288506
24.0873873
18.16370091
19.98156061
24.74344685
20.89495754
20.32156859
18.67572973
18.46148726
24.23201426
17.87336199
19.81091807
15.86472263
22.41498165
20.99670452
21.76617504
19.8922952
17.03160672
19.65874014
14.86356393
18.64561708
29.22875896
26.68925257
23.47110238
21.75225744
23.30622143
21.55800308
23.72700071
24.8230522
15.91496902
19.23604232
19.89139665
17.77952439
16.02326565
25.08848112
22.67125337
16.35689594
15.78928788
21.70879717
17.24464664
15.20680308
19.01016819
16.62106515
23.39846921
29.22629189
13.19618918
23.35001138
21.68972998
16.62977793
23.84663183
16.44650119
12.47100121
15.50674296
22.31265336
21.6412409
24.0106196
21.96309219
25.04141807
11.98074724
18.78197953
18.54718534
19.76846241
24.26873368
17.29430305
21.0098142
12.35733124
16.33857232
23.76057977
13.02614403
25.65938333
18.06359098
22.11106915
15.29488776
23.01923467
19.99435781
25.01624483
17.81302227
17.05857984
16.97568857
27.89882995
18.6811543
13.5639486
23.79426877
20.09980973
18.57651088
22.06726975
23.54991762
17.45128605
20.4435902
18.75738035
17.68759997
21.90209866
22.88546796
14.51945135
24.44051014
20.5953591
19.05585742
13.64607548
18.97115236
19.72176092
20.41519616
18.25399541
23.70438
26.27211408
24.97451882
19.07780291
21.34241529
21.62688509
17.51280363
19.9540511
17.64112585
20.27502221
26.44014831
19.25186251
17.07695445
25.50975401
23.49227287
17.89839339
17.05200861
25.64358102
20.12548163
20.74101881
21.39712763
17.48376827
24.35553207
29.41254694
10.04870218
20.79186229
23.7814447
16.81665469
20.35894614
20.68237303
17.60099824
22.82627229
24.85940004
20.89290297
21.4786498
17.81399539
24.47395882
19.63891767
21.76262725
24.69904697
18.8110394
19.22326569
20.3622277
19.10673794
14.9242855
21.92961675
14.23386498
18.78218799
14.36643475
25.20579302
20.34156194
21.91581245
18.94865179
26.34736037
18.38407226
24.60681183
24.61250045
17.89761974
21.71743565
20.50640069
28.4599591
16.02312189
13.66180558
21.24340268
16.12156639
17.64340341
21.3257335
14.80778751
24.28680979
21.6856265
25.68963528
18.75259607
23.65211455
15.52435881
20.96333711
24.49368991
17.40715846
20.34948428
26.53871676
16.86197457
15.5584433
23.73444605
19.9060509
15.59728472
16.42515936
21.38507506
20.97953543
18.59368665
20.91623985
22.25772972
17.07612679
18.7209605
17.09737283
25.35955626
14.88522766
26.45640279
17.72092528
19.99187391
23.83015638
22.95112838
18.63442274
23.5543093
15.28110564
25.52589917
24.64177599
20.07405041
21.61556926
23.91802834
18.68905611
22.1816288
22.74879456
21.48780412
14.31787107
18.65733408
12.09502817
18.46795415
16.84056878
19.61583847
21.50962696
23.32005802
19.42733353
20.1605736
24.05313325
25.1868525
20.87036722
23.445026
17.08039601
26.34248649
17.34890978
16.92986218
22.15249725
19.7386698
13.65403559
24.30987139
22.78082166
26.59050077
21.17936136
22.81993105
15.39419845
27.43785929
29.48583426
18.47472013
17.22087524
24.00044105
15.45888387
20.61443749
19.46072593
23.30652001
12.12461734
20.49375132
21.04766626
12.91561874
19.36463935
22.51670255
14.8969182
18.79984059
20.78739691
17.90966383
26.29272127
23.07774113
17.68496605
21.32649145
24.51526639
20.99287664
22.22768922
22.57256279
22.95658129
14.70902162
17.29282573
18.5884484
13.61028524
14.3924606
21.4305823
21.43563832
23.69839573
21.46239095
16.93287093
19.93710572
17.13395317
23.4686314
13.95619833
23.43778777
21.99238786
23.09237459
17.68552704
20.78852619
19.83586283
13.95660283
21.93913624
21.77038033
17.02757983
24.9601163
12.93950967
18.35602341
18.43667953
17.14513372
17.34422121
21.93218792
16.5048182
20.27552174
18.29951155
19.48655035
27.72939508
17.83256961
23.54208523
20.15147475
20.12591838
12.38955927
24.08309344
20.61809428
18.26393495
20.14970949
19.56396972
27.32809259
15.57261537
17.75386755
21.05122386
27.41665475
21.02934486
24.44454756
23.01047738
22.87578239
25.15015599
29.16491823
20.59034018
18.8399195
20.74885695
18.78727343
10.75462252
19.53619642
20.67135727
18.53480495
19.13250537
24.94494967
20.33008029
19.88040863
17.35461615
17.77102467
19.59638738
20.51170728
21.55443682
26.54096967
25.42625901
15.21121345
27.02635526
16.05800529
30.28484574
20.79714797
18.24508885
11.9147864
18.40807695
26.16857642
18.34935828
18.19671779
14.74796008
15.30431532
17.68525512
21.44012105
11.75086213
22.66941869
18.07554673
23.21731258
19.98261707
18.22922613
22.01105516
22.02061505
28.1004842
14.79518932
17.19187739
15.10621364
17.71950228
17.97842395
18.23428862
18.12429336
17.95845069
19.05147268
21.712941
24.45484289
18.54016556
27.30971608
23.49102983
24.8786754
16.07919773
12.68725025
21.30777775
21.37731382
13.19895142
14.05650518
21.40824868
24.14580166
25.4253858
16.32694819
22.41848883
22.45697752
19.87169935
15.79251704
15.58209221
22.96207386
13.2717315
18.82027887
20.5619007
24.37187547
18.56339866
14.43005305
21.39216188
17.1213573
27.10992127
16.52823188
20.68401972
28.16966122
24.21643939
19.93233722
21.91666176
29.6109808
25.60257695
14.6863996
20.73885675
24.25941988
13.86060183
21.1546843
19.7273451
21.15349261
16.77969602
12.69205964
15.71026961
27.49956876
19.48106224
16.19387696
25.87143892
23.67594164
16.54962259
24.2998061
24.44158499
16.90496274
22.15954075
18.51703897
25.00320435
14.95173679
18.36586441
23.28315998
19.68186482
22.3055723
26.95018084
18.29456413
15.61670173
26.24914041
18.25040031
21.27313643
17.6721494
13.72481753
16.21065899
25.24895065
18.33943097
19.39926878
21.20015095
24.70727272
20.60958903
18.96604325
16.59011566
22.3312602
11.64677301
15.30007255
22.94529921
21.78747765
14.89264034
22.14806732
21.87787711
15.26279413
19.71289214
26.4083561
18.02591684
14.60981624
20.63502048
17.75938107
18.5651782
21.64065488
19.78066717
18.47423422
15.87309146
16.71899445
15.90595639
17.57934101
27.04209022
20.59061708
17.80258195
19.48854218
20.98131266
21.10429715
21.27487165
24.36215972
18.62447185
21.42046563
17.52553858
12.56419931
17.7122546
25.6719094
18.58162032
24.08752002
22.40727856
17.61099686
27.65342189
23.49372759
23.61030882
16.36146522
17.41170022
22.5857721
24.79901186
19.89447971
26.84774051
19.48880423
22.87221841
20.01346673
24.3758038
18.6916824
19.87445905
13.96673932
21.20901708
20.35894298
22.1123811
21.35279795
17.32265958
22.65615234
30.44063018
17.43414408
23.72914136
17.68893463
16.36629581
15.50875255
22.30147139
20.13297649
23.494796
19.23994563
15.29855087
19.2066062
19.7049297
22.44960057
15.15826731
12.62749
21.83536652
16.89381553
18.03690666
22.20153089
20.07332945
20.65969757
24.73721418
24.26362379
20.01437009
17.87331289
15.22484715
21.2630586
29.25230902
24.18831383
20.89982929
15.60843951
15.09655392
17.87990186
5.031272399
21.66955384
24.97397797
20.44233525
18.69166517
25.41158443
18.28902871
17.68250744
23.70387353
20.02204163
17.46203659
23.43330614
18.07689421
25.95882883
17.48243517
17.62419697
17.48522384
21.4250066
25.22034313
21.4626978
23.0883115
25.02130401
19.48666063
23.79449338
19.50200186
28.39976214
21.04112737
17.8180831
20.40172604
17.06838365
13.90336727
21.39912117
20.93143576
22.61600452
16.62018186
16.77953973
18.03699671
15.97716123
30.76541701
21.48613409
17.3874947
21.69729162
24.91811306
22.71038715
23.66659858
21.92298193
13.9714204
16.96042672
24.23937109
19.2076602
21.03680585
22.21969802
15.91431329
20.76045116
18.26084665
14.10333338
21.57293188
16.62367519
17.98866222
14.64312061
17.58814526
21.7581297
26.28602507
15.47380523
21.38127467
22.09355071
24.17585604
25.03947625
15.57648197
20.24549259
24.92277474
22.18042293
25.59990381
24.86595328
29.37519841
9.519906957
18.67259775
18.64546589
14.30550877
17.91505314
25.68893282
20.23717385
23.84234092
26.53962888
18.83892402
18.36153051
14.73152141
18.89081294
17.14122911
19.12285827
19.09766753
17.08654399
15.42126885
18.48925075
20.05850361
16.4173149
21.4089575
19.42348797
18.95737442
23.64693316
29.22472968
23.39057375
22.57076348
20.01888018
20.51914605
22.32571709
17.78807887
14.02976482
21.71644743
17.192535
21.57486797
16.67783094
14.98633131
14.38627953
21.12440585
27.8181568
20.80175219
21.96201407
20.57523614
20.92038354
29.46190036
16.87492714
19.36444291
17.30516259
22.85619278
21.02075695
18.69095085
22.96842838
15.97718426
20.47768271
20.80176703
26.29540495
22.15451031
20.13224283
14.63301568
14.11636637
22.36252381
17.19926552
19.03523716
16.52233213
20.72641272
20.91151938
26.97887973
27.27149652
24.24653162
24.33594154
15.32131196
25.10309388
16.23371041
13.60219834
32.66501245
21.27466925
17.3482533
20.03170358
20.27603768
11.71988787
17.13779974
22.11727781
20.14216124
13.34842057
18.03403068
19.39973249
20.32532939
13.28489211
21.02134435
26.11620537
13.62909359
21.75516116
25.37460567
21.52139083
22.35625702
18.09984717
19.25924386
15.42113831
19.51397575
17.7895281
17.3678689
25.78900399
19.53177054
22.51973916
21.50122878
15.94045066
12.44056714
14.26497403
21.10376409
18.7951679
23.03801164
18.48021006
14.71078828
20.38532631
24.40419166
21.06167533
19.25617856
18.31626734
25.07248846
23.65722863
18.28139418
14.61442463
16.34579854
21.33330678
15.62964493
18.45219557
19.51025929
17.36088991
17.50209024
19.09475007
17.79663619
14.63093967
22.94635699
16.3218045
24.14015718
18.62637052
18.76846857
25.1822833
21.04435423
18.39091039
16.69217741
17.93113169
21.59963747
23.38853693
20.19204383
18.0283077
21.3417483
22.68485779
18.31335059
25.77250601
18.54287603
23.5931526
23.87337531
20.22650971
19.66133414
23.48804164
12.78537869
20.13496031
20.27655444
21.46234711
16.46056122
14.35929854
9.446481578
22.18040673
24.31202537
18.22267856
29.51730791
17.43609833
14.75487364
19.41724776
20.42314014
22.72940919
20.48415919
16.94551541
13.90790771
17.65322827
14.54502422
22.89437917
19.58548969
12.58797673
21.4623787
16.31036757
25.40151013
20.20879147
20.91693308
16.85048265
22.09206561
20.25961216
20.86466853
18.71890643
22.57352001
10.24317543
20.66272139
24.19282622
19.23733342
22.31253432
17.61801897
20.69099287
17.66409238
24.58010344
21.87977134
25.50370709
19.83296047
19.76276307
21.25321629
25.79356282
10.43940861
13.29378418
25.06701272
27.57413812
19.18090471
25.41525372
28.68077308
20.75878394
18.17789191
18.09122397
18.97548187
23.19469551
19.31741125
28.14923653
18.64127517
17.13657597
22.17807866
20.94124368
21.85010507
11.62449456
19.39998991
12.6658981
20.74135505
23.05995627
24.7183161
23.011871
21.93631016
23.10175039
19.77335481
19.84599435
24.08178989
24.34913557
18.11667911
12.81088104
10.81870925
13.50968571
15.99971238
21.78847023
16.89663636
19.65866243
21.47756388
14.45515658
16.59900072
17.00247342
16.79284232
18.24300232
23.14871789
17.97011581
22.77724201
21.36130802
20.76742338
23.90012962
28.56064343
25.86933126
13.66386469
22.11964744
15.01262268
11.95681477
15.15716453
11.27235129
15.47489992
25.4171876
18.09405187
30.72288779
21.5632683
24.01598915
19.41602435
18.8816866
16.86652797
20.64326618
14.06825865
16.59973405
15.72310168
20.67335329
26.06360728
28.63011552
12.97719136
21.38698927
17.38359406
15.67408755
20.41352094
18.11254242
20.20447525
23.07402307
16.25807785
19.3891576
13.19857107
18.46698981
23.95540722
13.01720652
21.56340394
14.59199998
20.87597702
18.19883339
18.88588535
13.58444491
16.35572565
19.22791472
20.28671546
19.23474646
17.43508151
25.31421872
19.22214634
16.89641251
16.9654115
19.69760534
23.71601672
18.30172989
23.48626229
20.90609782
17.74669596
16.73111117
20.70937618
19.58669193
16.38003764
16.82262941
22.15651281
22.08665567
18.75439842
23.30451081
18.60023736
19.53798924
24.93928687
17.84031605
11.82817834
14.84447938
21.16339503
19.13683103
31.00536111
14.33969354
19.02452396
20.1610028
14.50468228
24.31674926
22.97572464
26.1714426
22.75008859
5.799326784
16.13178739
21.24716171
16.73972423
21.13348181
19.73504854
17.81001286
20.27222499
22.05189494
24.57238421
16.42421953
17.71291025
17.11742791
23.39158404
26.29050742
24.22288408
25.36405507
20.99710149
16.79317664
22.71899142
26.90551935
22.02423802
23.71684585
13.82600867
22.28422369
19.38431219
22.21331428
25.10713704
17.44235049
26.02373934
16.22642571
20.16332677
21.22782252
24.26729231
18.70741467
16.25650342
25.66645647
21.45057171
12.34528849
21.27968969
13.19765281
23.16366395
25.54866634
19.2688885
16.36642657
24.9077194
17.9571868
16.72611219
14.95291782
14.12940788
21.10311675
18.67301474
23.15393764
19.77322414
19.16125411
13.11413794
16.89814437
20.4177185
18.28741945
25.10018736
12.67427792
19.27520824
20.4583023
17.11056961
20.44801131
26.64506998
15.79844486
18.59647393
14.32367783
22.91175006
15.17578147
16.5672231
25.69181322
23.29368119
16.97611925
24.06617242
17.36361574
20.4241094
27.33746709
29.02865331
18.22739245
19.87995611
24.15636276
22.43004745
19.06791289
19.16212094
16.86388605
10.91207823
19.37339331
15.20852556
19.0882382
29.87319762
20.13554416
26.03811077
15.5571421
25.10229063
13.30554315
18.88029511
21.16301394
22.48041086
19.50295069
15.67110492
15.12929515
17.11137054
15.92333538
17.68365545
16.19790524
24.96822962
21.07966291
21.13386862
16.6440641
21.10724639
21.29204864
16.25580339
15.24330501
12.26025806
23.49117309
15.9514067
20.18695149
20.33244368
20.36486512
17.44718181
19.09459416
18.77234108
25.39828361
15.37526575
19.17635146
24.26560894
21.68427217
15.64716257
23.17260603
9.192656095
18.02964084
26.27098828
21.99384286
23.16643329
19.62818777
18.47913437
22.78366544
29.26823861
18.92640358
25.74808284
17.84278971
18.27971268
22.60294114
16.39178956
23.76910264
13.26693392
10.31700648
19.36431576
21.31552749
25.10161422
20.47867329
23.81771661
20.96224116
22.71798611
16.12491925
19.6943717
17.60884047
19.05204282
29.18660106
14.3833756
20.13670855
18.71639733
21.51753083
27.17071558
23.6492586
17.37234492
14.26493432
23.39197255
16.03152841
17.13894805
21.86140014
13.91020673
26.22498944
20.411285
19.0636426
23.23129888
23.22485251
19.00331628
24.40933204
21.4692452
24.40001092
21.05389913
19.2356288
26.99498312
16.86717582
22.53233836
28.08955807
18.34660712
22.53854372
21.27821165
18.6070173
19.98578303
22.4711392
29.3139182
23.5457118
19.02365806
12.10751193
20.99624046
21.04391001
16.83407726
24.03733303
21.56349089
22.34760143
18.05525312
17.26458247
18.13030089
15.55767772
17.90983631
22.90736953
10.978613
12.91211043
20.10635957
21.31397209
16.20468049
22.14576868
25.03608769
22.73497129
13.74642141
17.07774528
16.58475737
18.64498892
17.31486151
16.63354158
27.63965356
18.66812317
19.39029384
21.14544903
13.07111203
15.43346776
21.87945919
21.40555861
15.35592657
24.50263213
19.7330438
20.5667626
20.43713462
17.80011016
12.67487564
19.47649229
13.74011586
19.34133324
20.82938587
20.79184899
14.45491234
21.46639992
15.15813559
21.00668984
22.41280529
26.39362354
11.79678325
23.31704872
19.35137955
19.69875947
17.75038333
20.9366189
18.96552585
17.52494621
17.84557711
22.46512778
21.96650826
24.40247956
21.4517785
19.41642376
15.44651344
21.2591357
18.77365971
20.88606126
23.49831851
18.0286102
18.07095822
18.96322624
20.85038517
28.1477484
16.50842067
25.35970754
19.13827035
23.59158503
20.23882705
17.86315272
18.96320126
23.83549621
25.06714235
23.84408641
17.74495451
14.84470439
21.60347076
22.11192102
9.949797041
20.09692375
28.38224036
19.24625379
17.4232315
15.9689337
12.75616097
18.04224
21.20571535
16.0643712
21.01386469
23.15187373
17.62681629
21.96881496
22.26193869
19.82877784
27.82579407
14.91119123
21.1002643
16.29302346
17.11295276
21.76389551
24.3715781
20.68041224
25.21939912
16.27947479
21.35263234
17.87642428
16.97057287
9.473760039
23.0407285
27.49940104
21.99856224
25.50529221
20.23592171
15.07832162
16.51011311
16.78933636
24.40950464
18.07855426
20.36576915
14.6674056
19.2677403
13.49653276
17.19030585
23.03796901
26.83861399
21.94176463
20.38895298
24.29304457
22.91207783
10.20451704
12.8337335
16.66657742
16.50556609
13.59907747
17.28698539
16.27529397
24.40088624
17.56009867
14.89593502
18.33493513
17.26013032
21.04864217
19.07485704
14.05793237
22.32129267
18.54419452
17.59988013
16.59281546
23.17555192
19.56428066
13.7887478
28.68317746
18.63321537
21.08423141
21.41930852
14.77389692
24.88457011
21.0044697
20.57461435
25.40256007
20.63638058
13.11086059
19.93576089
24.66797366
24.85053135
21.05870404
13.22610625
24.38576867
19.77046219
20.76757103
25.12508931
21.61102736
5.111155011
13.34505451
16.68796587
14.83482781
20.61385649
20.60783864
17.22754724
24.67783038
16.84767006
18.61762798
17.33048826
16.41414681
20.21846833
14.42337563
18.75123332
23.32129757
23.25512073
12.21569251
21.62687675
18.16806401
21.80214504
20.68847411
18.73567913
19.94673478
22.4316094
22.90409892
17.00124302
14.69058663
18.32379068
24.0799893
21.3712499
21.57599681
18.22986736
16.9373609
28.30812988
19.57933993
19.86701016
18.90521264
20.27885973
18.72196136
15.82313192
21.97177096
25.75915461
20.73947526
17.02340366
20.22571278
24.08121386
27.13257322
14.379025
20.45603976
18.26686406
22.17840639
20.67566583
17.64548718
12.77124721
15.14329881
17.57439839
18.90519137
24.70297259
17.62171189
21.48813564
23.62329432
20.92665187
20.33919189
17.55781027
23.3652784
26.51446917
21.90215202
21.22925682
20.94147913
24.13615396
18.67641019
17.95122802
22.12745527
18.77407493
23.56729476
14.14452469
25.30546415
17.07752358
20.95419766
18.12848286
22.85428246
14.33001499
15.73082507
26.52951879
16.09844396
17.2065537
20.24926841
16.80518011
20.58682667
24.70370426
20.27473591
26.90474552
14.20103935
18.86142824
16.50383378
21.47400078
14.95332606
12.96162198
18.42586748
12.73984982
16.40757958
17.81079121
13.31843161
22.2556775
21.22244944
17.49140517
14.43064326
18.89881749
19.32859949
11.30821128
25.22967017
21.74211879
12.98581645
27.91231789
19.38581373
14.10643712
16.2958213
21.05082882
14.24082151
18.10582221
19.59397661
18.30012267
20.81466745
17.15194617
18.99793504
20.76290947
11.11965224
12.32717186
15.73168644
20.31941534
20.81117868
17.07551386
25.24973405
24.53201714
19.29157415
33.3021433
18.53876007
23.93357013
19.74791371
13.10059256
27.5193375
15.74579388
20.29492452
27.68325964
22.5709246
21.48398671
19.41832066
20.98080759
27.56067196
18.15615985
19.11384386
18.17768739
18.3518023
19.31007361
22.47549652
20.35283787
16.95711937
26.60784585
16.52172117
18.67825351
20.32038962
13.27117927
15.9636732
14.82535257
9.342812149
28.53200004
17.07858628
23.36023791
20.06877633
16.02344668
19.83844079
21.61897828
15.42874575
24.79241779
24.7873549
19.61049409
22.45738962
15.12559577
22.28749517
19.48675992
26.43407181
16.17170746
28.04603686
20.08033949
21.78203109
25.79811721
24.41180137
16.49654573
16.33904229
16.34071193
24.29900119
19.45720765
18.2211565
20.33006809
24.14307256
19.3644413
21.23712873
10.73838023
17.32966454
15.7336592
17.44337588
16.95212938
18.31157688
18.03468756
22.63098126
25.74433211
13.85986794
27.01137813
25.13220341
20.37456968
26.32039531
20.9791347
15.91898258
24.51136273
28.92987481
16.90301163
15.99417085
24.55330539
19.90419365
14.54467082
24.94526473
19.38369862
16.81917365
17.67370967
18.00934401
23.74971202
15.3770904
21.87689544
24.01764546
16.56062951
21.33754609
13.38612315
22.78751449
15.51116229
23.22545319
21.73426026
18.35440011
14.08052729
25.32634731
20.61081139
26.70919688
20.03426037
12.88645911
26.76026633
18.83444506
23.69760083
17.11103886
22.44733832
23.33995385
24.05234442
21.99619568
19.83675629
20.57791098
21.20937997
17.04615306
22.20169293
15.74210233
12.37848874
20.6662629
20.79092735
20.88294521
27.09137552
24.9315299
27.45517184
20.88140255
23.63454182
17.63531912
19.07608058
13.00892203
20.27932883
23.70792359
15.76729583
19.11006178
17.10367428
16.76636683
23.60957392
20.26906831
22.95837297
21.58710124
23.74316609
10.97118413
15.9115085
19.31246078
21.39164853
24.59373009
17.44150511
17.5802103
18.85937994
22.78088193
20.4257391
24.50280662
16.91227239
21.64453457
21.54875376
13.42396893
21.18555525
26.95877464
15.20885915
17.45167495
15.93296838
24.51627183
17.7739437
23.00543196
13.42096071
12.709791
23.98942315
22.37322507
21.12029691
23.86827035
20.27036413
20.55962069
16.50043073
20.0380223
15.59873099
16.43720075
18.09107219
20.55494164
26.41133949
21.5101201
21.62457949
22.17311771
24.81467115
22.32167565
20.25468977
18.26782914
22.38888042
13.26593124
20.16693162
23.77297741
19.08819273
22.30727693
20.6897211
22.34011307
18.02613076
26.68504856
21.58644343
20.56403899
15.23760553
19.22740534
14.21757667
18.84565003
15.08343831
19.74413665
20.60882766
18.06181559
26.53159135
25.47558202
25.65560307
22.3629143
23.12000851
17.37102313
20.52725705
15.51033132
20.95938574
24.56862445
15.59653358
19.16447018
14.13567456
22.42512401
24.92331774
24.57380692
15.8973374
17.16386073
19.59136592
18.41950643
17.88978284
9.901860216
22.54670691
19.0623113
22.77344573
21.05811437
8.085823983
18.79474747
23.1443399
24.18066191
18.73112351
22.08206256
20.95192434
23.6874977
27.85441655
16.35425895
28.39974612
20.85785638
16.80386179
16.75864173
20.47107326
20.55209158
21.64364515
23.30802679
21.44637246
15.90196003
17.23936355
16.96444547
17.63818903
21.42061178
21.36286299
19.08984733
16.00465616
18.69660165
22.38819024
19.48157613
25.76135905
16.72642611
21.17671684
24.60548828
16.55893876
19.77561952
15.14101182
16.27558598
14.21085401
16.2610038
21.47052494
19.03939555
22.33215848
24.11095983
21.45022758
23.10192404
23.01992695
29.42927387
23.02881765
14.03200496
21.18307424
22.66964049
23.77062409
23.26855426
18.03237548
20.1107658
21.38078194
20.86294794
28.11598178
13.58193074
23.42271545
24.74569446
17.63760372
21.9826237
19.6439933
15.86629062
20.40268919
26.6725331
18.40341154
22.51007926
15.51464183
16.31336355
15.04381808
14.26126265
16.22990171
16.40142789
18.23174585
13.42584725
17.97258681
16.90032526
16.82507191
18.73265515
24.68707003
19.9808085
21.68411109
26.34198897
22.73840954
20.5175474
24.34406863
28.91949055
17.93214114
23.39349142
16.74402376
15.00613902
17.29036403
19.70507215
12.15307509
13.60562119
19.77173542
22.40225443
23.1418109
21.74936119
19.28078122
22.12006337
29.97140081
27.90725891
19.76247459
25.65772891
17.51766468
21.40320651
20.57769096
23.05318871
15.14024616
22.49702815
20.67450494
21.31503437
15.88555396
18.42569467
13.82343858
17.06454968
16.12040023
18.6014924
20.67696524
23.39183474
15.72374872
21.17448873
24.34594224
23.84526093
13.62221457
22.92807194
19.32493187
25.52563091
23.71720829
18.60461702
21.07769015
22.04340602
10.15528619
17.54404711
18.41821244
15.42098531
11.07052668
23.36015003
17.54485613
24.68863736
16.16703836
23.81250318
22.81378651
22.23958018
15.8480084
19.28673743
18.12024582
16.16045306
18.21989881
13.51530504
19.37042247
19.21016698
16.6745302
22.54933575
15.80560528
19.00726726
22.09965264
20.85289564
10.4104918
16.91032464
18.37558677
17.78672112
14.58813611
19.82753508
19.32947684
25.11837252
20.44887643
22.82192557
19.47841218
12.69814228
14.10688249
16.99438433
18.26508034
22.30540416
16.66217539
17.48481855
21.02340717
17.75180167
15.08632055
17.78383625
17.27889765
22.7646584
20.88775222
22.18372457
18.161012
28.46685067
20.43640597
16.32069582
14.70557601
20.39460074
18.37343988
14.59243267
18.12073917
13.48795691
22.72966862
27.77483356
22.96095182
18.70729126
25.43858377
21.16412102
11.12402115
19.42149098
20.31480024
22.24887225
19.34289677
24.69481267
14.68641956
29.83685385
25.4088193
19.01290685
21.15206669
16.50930359
16.27697717
20.30462151
23.94265787
23.70336623
28.52599892
18.6966683
19.10794614
9.062794907
18.76580675
20.58443337
20.15093067
17.40941353
14.85037194
18.3559376
28.80218135
16.28381165
20.01065762
15.36951295
24.65812501
23.14574407
20.64136668
19.80984563
25.9154991
22.3110833
19.98587299
20.54665988
26.15593518
21.97935352
21.07543829
22.27429095
19.60563617
16.05110794
21.47043182
13.51080126
17.22340903
24.23176976
17.22168696
21.0804507
19.13892225
21.10982703
21.69439916
17.99630641
11.50172954
24.08461097
17.76831979
21.13921331
23.87825999
15.67039502
25.02467124
22.96466232
20.48952035
18.56484012
24.82078
21.78313376
22.12934065
30.771537
22.21854921
24.7060738
19.79726325
27.20906219
19.61961007
16.02002439
19.93342767
13.1358119
25.03038299
15.26337663
21.12657985
23.65739784
21.93099063
21.49420243
16.54209432
19.77979791
23.72160433
16.94567682
15.05720878
17.20533294
23.41776414
18.90173755
20.89148437
13.02066186
16.90947495
17.20207796
14.93627851
24.69587411
24.15957768
13.73113369
20.9994748
16.1377895
19.33701729
20.18271512
26.83822066
21.4817458
17.37418758
23.32553233
23.50400341
20.55323193
28.96892573
19.33293326
18.16381434
22.18477382
14.79078881
18.35390392
17.8396893
25.46587967
22.82739679
22.43028087
23.67926164
23.59757311
20.13086951
14.33657211
13.27655916
20.15112474
26.65384984
23.32399877
24.19061856
27.17527033
18.05951285
17.4654834
24.40760145
17.1319153
28.80008591
23.56246734
17.45827298
18.50598916
22.08750551
22.85159772
24.67362485
21.35987291
15.94108099
20.37258216
13.8551788
22.30487063
22.28824848
20.58672027
16.29710604
25.09256232
23.95168346
17.15255266
14.66278764
24.01694667
22.4340427
20.1436977
21.02140022
22.78864879
18.27528243
26.21565267
21.38660302
16.9340596
18.0261912
26.01814668
17.40057311
15.75805258
24.61890729
21.27702787
28.81411385
18.92837286
22.55221896
19.92252338
21.72902078
13.64103526
20.99860189
23.05243681
19.97707095
18.56124061
20.10361786
11.6429719
24.96747313
21.36857044
22.20237108
22.618803
21.1472448
25.67343039
15.52427274
19.70124929
24.33647794
19.94180175
22.57170217
13.52052303
21.39499012
24.33365397
11.03952055
19.05742288
14.98731486
15.87921573
22.37134277
24.36101031
19.16215438
17.92311515
27.20898434
19.65549937
21.52244172
18.60829802
22.02931875
15.11132999
20.08625721
16.45716666
19.23350873
22.75805821
27.83732798
18.1918343
22.13301851
18.17177822
20.35778453
31.13034446
20.72531654
17.61221939
24.00889754
23.6992484
13.91328211
17.43965865
18.20793916
18.98533327
20.41963727
17.758553
21.73376629
21.88302541
16.62971819
21.50367604
15.51257412
23.29955836
19.14461295
22.8801009
16.026127
23.12745927
18.89493123
19.70943484
18.91310501
22.68496388
27.21087896
23.58439407
20.11779967
17.00969513
20.33618891
16.00952162
19.65057123
23.76829167
19.65000616
24.77110403
18.00732714
21.75018508
21.32017676
14.39943256
17.91247566
24.01967357
15.44884246
19.38700801
16.10300262
16.08199524
16.31419166
23.29255355
20.02626031
21.49653113
17.77921912
19.50144614
23.347897
14.85009519
16.96594898
24.08230836
26.77770957
16.54724688
21.75712231
15.01248785
22.63080709
20.53251106
15.94483974
22.03586647
25.0580041
19.3695799
16.405475
15.5281348
15.03246639
21.5938212
21.35757253
16.86569167
23.01611413
15.73766513
25.94945135
11.4890703
18.90490222
23.01323854
20.04910024
20.19628042
17.96591913
27.86103019
18.15865952
22.79199271
24.84502635
18.64096352
25.79458232
21.77564225
14.04879049
18.11489724
19.41913956
22.55169275
22.85082874
22.78825664
14.21200477
13.89699178
25.38204662
23.29378641
21.6487382
26.18475902
27.38779487
16.91081588
20.16761139
21.72426969
20.48146147
20.81122113
20.77661891
24.34628535
9.005105436
19.97643279
18.99826811
18.12518391
20.57603762
22.13684385
18.8602383
20.0725342
13.40032876
15.54283624
18.50675715
19.31847581
15.73209147
15.27742262
22.45166726
20.53931461
25.50761308
22.18295514
15.33745659
11.12570688
20.55694681
19.09143357
22.21823801
23.65588873
19.19926636
20.59514797
17.11457007
24.80517239
20.20754082
17.86964301
18.17018609
27.27309128
22.03183446
21.68176112
21.34771325
21.81732043
21.88901744
20.02550494
26.84636243
19.04228382
16.62624758
18.34899483
24.73186429
23.12608257
24.68784805
19.14338827
20.6037461
12.74276083
23.78238679
19.5700513
20.22415417
24.05397814
18.90650949
21.72336524
17.12860855
17.87264259
22.16665004
19.15291122
13.7373979
17.84853974
31.63803664
21.97130875
20.86039336
18.36394102
12.72219612
20.54239323
7.68414713
16.30647417
14.17951013
19.1468246
24.29446902
22.06379884
18.22533619
13.49384817
17.86732756
15.2576867
21.71792736
17.65751754
25.66697628
19.53049218
13.92455925
20.31694452
22.86947067
18.01624471
22.4709535
21.35721623
21.53778955
18.69380241
19.48942187
19.46293044
19.48608489
14.1770646
19.92693604
15.23825272
20.51178632
15.33421867
25.45106087
23.28390062
17.8432275
28.25845053
24.55742848
23.41358864
11.70899709
14.93698398
17.19087666
18.68922526
14.75379454
22.62032247
17.90915182
19.33851279
17.8058172
19.64696247
25.4887198
12.67811424
16.15414215
18.11634154
22.21895972
15.90765944
17.90087686
22.81393504
15.08826113
24.19043594
21.36871467
22.27964964
19.94044413
16.01019217
13.60188942
20.61352281
22.86222941
22.89681085
19.65581701
26.59254576
20.74011127
18.38805836
20.42089115
17.53611941
22.7501222
26.22701109
24.16034473
20.99304646
14.55678549
17.45331348
21.61217733
19.6936001
25.52974334
22.64342432
14.26522556
22.53190369
22.67443803
27.00280088
20.34130287
21.05206122
13.69836349
18.15864361
14.02580316
19.40813992
16.88209792
14.84769136
19.98205923
16.63720015
25.07112468
28.90953411
20.61064805
21.1290412
12.1666202
25.98957622
17.50469749
21.56359422
19.19480784
21.37424794
19.65443091
20.52276863
15.74377336
20.53077922
14.04651988
19.5657338
20.73035849
18.88621755
21.30287812
23.53998136
13.62400591
14.1785573
17.52089724
21.71283098
21.38281265
18.57863698
22.32041912
28.31508932
15.68380255
16.61566028
12.68001542
20.53444298
23.17917417
18.51399669
24.36019635
19.07375698
20.9748174
24.05553372
22.35165219
21.26274045
25.70590693
16.34376595
18.14100882
21.18480326
18.57182986
17.74457331
22.88152798
17.96945977
21.58024606
19.26651491
18.25679025
21.82901669
21.16439338
12.10517174
18.64377378
15.68554763
20.44758266
17.13013812
19.94336372
25.01431183
26.80701131
23.19418345
13.60752102
25.86879473
24.30028648
21.01375238
29.72188874
18.15619176
27.17473261
15.57400271
18.41107204
15.309782
22.25045705
21.4557703
17.39512856
14.37211468
9.209545662
16.18551479
14.26188289
22.64433379
24.30971088
11.99134921
13.01044912
18.08420732
23.78934931
25.01279298
25.88189231
18.41443802
17.36954521
15.86497502
22.20372
23.05919568
13.8794184
19.44069287
17.87476906
22.40863412
24.57555674
24.79804923
21.94996271
18.32512893
18.08937726
15.30265878
24.65739116
16.40656837
12.21063477
16.69195172
25.80422239
21.01132609
18.532966
20.81719167
21.553757
21.75178748
19.27887165
29.13769058
24.23293272
10.09221376
16.19434655
19.8700343
21.98871229
18.86099566
19.81654158
18.70033876
14.73453682
28.51904549
19.21550911
29.2986307
16.43912395
18.9712601
14.76463497
16.57758474
23.60815099
23.02305993
16.49811101
20.60384149
18.23841983
23.31058414
16.92270125
26.22310392
13.79859454
21.16298406
13.94790128
17.09738594
15.69756536
26.19527021
19.34991635
21.30328319